392
4396
8064
1854
9371
7585
3182
3798
4565
9044
6529
6331
73
8278
7452
8236
3790
4819
1871
5067
3512
927
9663
2134
8905
8427
1872
5866
2055
6801
2352
7803
7065
1779
7879
3434
7666
4991
7540
8423
3377
2112
6100
7480
4872
6541
5535
1593
3821
9903
2254
8230
7483
3053
703
3711
4077
3916
4061
9280
467
2795
4926
9484
1950
5944
2070
98
7018
7557
9952
1358
529
5701
4243
9206
3484
1050
7297
79
3472
3108
7032
7804
6804
4780
4328
4248
3697
2867
2371
9801
7317
2130
2434
3541
7105
1578
9195
1498
5304
3894
3479
7801
5672
6042
9212
8305
2391
2189
835
527
3086
7140
2172
7888
1742
2949
9140
9990
7044
4092
543
241
1356
4266
9408
3647
2004
8153
3945
7895
9550
44
9172
8429
8801
68
3417
2716
2612
2995
6345
7181
1651
1130
2641
2023
1237
1879
402
6446
7008
6634
6318
2642
4742
8983
522
680
6151
3296
9274
8672
355
2787
2276
9918
6038
6505
5114
8879
7556
4625
3251
6992
815
4829
2576
5097
8268
7819
3616
8141
4109
4741
321
7049
6821
4375
8848
2280
8443
4845
6562
2033
1620
6806
4804
7256
1906
5608
1602
2772
5713
2301
8720
9619
7255
8963
5426
2757
8819
1689
7661
7891
2555
8449
2564
1290
3544
6478
6950
8593
3093
1717
781
2132
7493
8088
891
4128
5999
4823
5614
8452
3263
3584
3729
4904
8407
9526
4663
1625
705
2874
4090
697
5562
4286
8120
1256
5311
2237
4326
6589
9617
6395
3059
6760
5746
6966
9066
4514
6217
5942
2520
8689
239
1456
6776
328
7514
4074
7013
9712
2306
1380
9931
1920
8596
6401
6431
6860
3954
5336
3408
3580
6921
2644
358
2659
1486
9620
7766
7015
1097
2563
60
1297
7380
8403
5249
9215
3737
6940
28
4191
4995
6963
4930
2779
8662
8929
1725
1994
72
7820
3449
4117
4805
4380
7109
8793
4636
4051
6146
5044
9829
5602
6462
9536
3805
8788
7328
4447
6156
2106
6389
1978
1314
1984
6658
4203
3128
5368
2717
5771
3868
3610
5996
2319
1228
2215
6846
8037
7658
6378
4246
2294
9907
5103
4810
1354
1990
4089
5515
8563
8143
8284
8298
7547
114
1973
7239
5896
1693
366
5094
9710
7450
1751
4799
961
6647
5971
921
3041
5147
7289
6635
1841
2937
3632
9121
6361
4828
6839
3635
873
1890
9015
5679
5908
2382
7179
8314
9070
2326
7870
9139
4095
663
2962
3612
9761
6434
1019
9966
9797
5987
6673
417
9792
8300
3774
3565
2242
1404
801
9319
7102
6441
1993
5803
1009
4435
772
9248
5360
7156
4503
5670
5551
9165
7797
6003
2952
5387
9826
9020
6321
9984
4283
893
9816
2615
7918
950
3039
6861
7568
4131
8157
6858
747
7553
2854
4839
646
4855
7981
7178
8611
8266
2676
787
4085
7733
8726
3852
1071
5371
2758
3017
9991
2759
7011
7331
9882
2626
8722
7305
9213
5161
3186
4239
8955
7950
5503
502
202
6923
8050
3529
6691
614
7143
9362
2866
9173
3971
6863
7067
3363
5048
7606
4356
4144
4809
1770
574
4390
4787
4482
5887
3358
8773
2811
7857
5370
3404
6996
7431
1865
836
8780
3322
7822
9372
7672
1437
41
5189
1608
7209
9471
182
4528
3836
161
2365
7887
9470
3732
8327
3719
6548
5339
3433
8191
5057
4729
4316
4870
2206
7464
3327
3803
8530
4233
6677
404
2199
6795
9094
6961
5072
2805
1524
2947
9211
9244
8751
707
3229
2929
5287
9762
5299
5204
7064
3953
1282
9592
8521
5450
4330
95
3633
9819
4064
9198
9720
1253
6287
1799
6907
8685
3081
583
1317
8412
1414
7528
9621
3998
5148
9658
1386
261
3508
2991
284
6906
2077
5946
6918
943
717
1738
3256
872
6855
3253
7372
5488
4166
8994
4279
4719
6747
4763
5068
3168
9940
3407
8588
5753
6336
9200
7772
4950
7850
34
7086
7424
846
3840
8492
4186
5183
1010
7755
1203
9181
7426
1853
7502
1503
2443
6406
6638
7227
3853
6616
1552
5117
5684
9287
2260
1391
6746
9701
7721
3831
2695
7591
1824
1340
290
737
1616
850
1001
2801
1789
3599
4059
3467
4043
1072
3129
5831
4370
7163
2705
5179
8700
9962
6845
6040
1401
8875
4022
532
9744
3391
8973
3298
3146
6458
9425
7515
7174
6109
447
2115
10
4087
5883
7813
4018
8549
5149
3714
7221
1667
2314
5576
3267
6290
2747
8799
3438
2128
8827
2561
6029
7685
3621
8916
1137
1307
5904
2633
2482
569
1945
8919
2783
7831
910
346
6962
9988
6495
8600
7313
2465
6709
5153
819
4826
7153
1970
6756
144
3827
9751
1520
3936
2303
3977
890
4962
2895
1688
1584
3710
4727
5481
7302
4644
9864
4274
188
5314
2067
7916
7824
9467
8277
4700
620
6511
6399
8468
5177
9715
3119
351
8188
1259
5863
1189
9127
5028
3156
4794
8709
9318
6001
5469
8009
2691
6818
7994
8087
4896
2484
7447
896
3506
9606
6744
4622
6887
6595
7071
2975
440
1124
8130
452
49
9537
685
4554
5596
5215
8988
9967
5738
1576
4032
8958
2223
1415
2224
8811
7917
8231
5588
3393
4714
7347
7651
426
2038
2567
1774
6262
7538
6683
7203
6473
6927
2587
8501
7590
9386
90
7730
8280
8261
2307
856
5811
1579
8263
5675
2300
4157
1829
7294
592
3589
4115
1987
5847
3782
1983
6528
4543
5921
8127
6278
8329
591
4219
7101
2315
4862
3199
1607
8097
1012
4831
6785
131
1933
4230
5342
670
8216
8519
8075
7304
2588
1517
2030
4125
9217
8164
4914
4403
6550
9047
2263
9793
5520
8473
4513
5620
2841
9699
3064
5144
1603
1172
9075
8061
3082
6086
831
9624
6717
2298
635
3769
9301
5071
385
3395
299
5911
988
5369
5591
5430
8735
9163
634
7162
3310
9419
7774
5751
1995
8404
7638
901
471
4985
2904
5609
7522
6152
3124
1389
7030
9896
428
9875
7278
3003
771
9933
56
1359
1479
7159
1491
3482
3630
490
4929
650
9853
9842
5119
9578
8019
2657
446
224
3725
3161
6489
1966
3191
6533
5182
259
3165
6498
6600
5797
501
5087
2882
9939
6255
6547
2923
922
9179
6623
6798
5065
14
1158
7365
8386
4680
7874
2007
5242
3411
3913
9260
1474
329
1118
6132
5382
866
4981
4178
5860
9462
4268
5001
5720
7778
6777
3515
5262
2604
7456
7422
7518
7637
2343
9795
4530
7271
3400
9713
97
2341
6959
2727
7964
4525
3896
6037
1292
5498
9780
1739
4134
7542
2789
1418
991
160
3740
5381
9341
2069
212
1191
808
6465
9497
7815
5550
5423
1188
1896
713
6044
9549
3471
9788
2148
8283
3138
3110
2091
7521
7536
3202
3387
8705
8295
4943
9493
6240
409
6810
2464
3717
5015
5425
2982
8643
1801
8744
7738
5696
9613
6266
9326
2020
2681
6975
3431
2244
9481
629
9247
9130
5513
6770
6094
109
8415
8379
9961
1539
4956
2900
5785
7543
765
9579
2406
8537
6079
1684
6134
7309
4974
6521
9177
6900
918
2924
3149
7441
8894
5278
6302
6404
5474
4320
3020
4476
4827
9451
3380
6925
8716
2225
1617
7587
4188
9189
4478
2493
4801
8032
7717
207
3920
54
7110
5471
4747
6133
2589
7715
7618
8583
7513
9490
2710
3227
9448
1793
3246
5405
8056
2014
5350
2100
3264
6735
4795
4105
8155
5081
3810
9147
8422
5900
5858
6833
8632
6252
851
43
6
688
9857
9703
3257
9868
6965
7099
9150
375
198
1150
9254
3360
7279
4769
472
6567
5890
5300
4017
6468
2064
4598
5137
8430
9804
5721
7
9642
2835
559
1858
4417
7615
9207
6985
439
5666
884
7251
163
8049
4201
849
2245
6232
2027
3637
2517
4953
5646
3317
1331
7596
1117
4454
2174
1822
5919
8122
3078
1887
607
289
9544
9245
8022
6035
8718
3763
7893
2258
6629
3369
7385
830
9031
3507
4050
2538
4460
5477
6899
752
5873
4777
1624
7865
6350
8371
5902
4933
3645
625
8313
3454
1599
5441
3497
69
4946
5681
3593
2621
4994
4297
8098
2448
5232
2359
1569
429
3949
4006
3605
2113
3563
6933
860
1281
5171
9026
8759
2916
5678
5539
8693
5318
2901
9402
2444
8505
977
9516
6027
6110
7600
9687
6725
2084
8657
8247
5106
4084
9081
9803
3079
1362
3722
743
6221
3523
9405
5165
1745
7283
6391
6685
8273
2687
4730
2756
8825
4485
3901
6069
4939
9283
5021
1712
7864
580
3038
1206
243
5740
1671
6113
2974
5093
1891
7782
5728
9739
6032
5212
9772
1156
8867
6875
8991
5518
3021
8350
1196
7504
6657
6956
4546
4789
7647
3150
4333
9969
5840
4007
7437
235
379
3469
8060
6849
6242
3843
9151
4668
8304
3076
5376
2005
6826
7604
6168
3586
698
606
2265
7082
3856
8419
9311
3942
4961
6732
4133
892
6681
8542
704
3662
4632
8674
9124
1730
1003
784
2760
8217
6684
8241
4475
2282
3603
8113
1570
7394
4172
9473
455
2419
6412
8107
9136
8194
8890
5516
193
7171
4275
5558
937
4076
7860
2463
552
2763
2693
9306
1767
6427
3503
9138
3627
3876
5308
2445
4619
2544
6836
7386
1815
1728
2081
1531
4998
6382
8114
7975
1843
9503
1464
3311
7223
9320
9763
7238
2355
3816
1324
8365
8048
3897
7057
5201
8391
8399
4
8515
3743
5577
8518
2200
2205
4529
9752
108
8903
3277
1273
8504
3203
993
3670
1512
3510
1242
3819
3845
5241
5431
804
5335
8762
7728
5187
1378
2379
6494
3850
2019
3879
9664
8872
5563
9877
6039
4155
4151
1365
8702
2186
4130
9154
4841
714
6594
7290
8954
1202
5133
5587
4364
1873
6724
7081
2565
1027
6614
9389
6272
7675
4217
4667
5582
2601
5616
353
6752
8480
1874
3309
4003
5496
3015
5259
6454
5568
9048
9682
8293
7892
9423
940
9704
6883
3907
6071
5995
1637
1343
2735
696
7320
7551
200
9584
1736
1184
1675
8147
1004
944
2696
2472
1635
7616
7849
4404
9937
2569
3874
9597
6969
497
9556
362
8579
9465
9982
4986
8669
5410
6545
4339
616
6337
1662
4379
3837
3568
1088
29
6917
4967
7807
6010
2618
9043
2119
4585
702
498
6768
8784
6308
7039
7627
5690
2375
2879
9476
3537
5005
3219
4113
1557
2123
3615
1413
2043
7889
4461
1985
4880
22
9270
8787
5
6740
1626
757
7805
3332
8092
8240
1937
481
9018
779
10001
5306
6390
2673
6983
2469
4948
6583
5885
3042
9501
1514
1741
3376
8438
8860
18
6393
2214
2951
2062
9373
677
6054
3464
4708
6153
2960
8621
5050
5837
330
4790
1402
2712
6557
683
5631
7829
6573
7676
3566
791
8779
9153
8506
875
7859
4683
9718
8388
6358
6626
5315
9778
8605
8882
8296
3045
1039
9058
8613
5403
7645
7742
3346
2689
7663
7348
9848
3443
9927
7111
5864
2791
4464
6784
263
8571
9968
1233
2714
6952
6111
9600
1111
2016
9660
4884
7990
3579
3029
5280
1817
3031
9566
23
350
8377
6563
4895
8002
4945
6293
7539
3738
7117
6227
4707
3996
7566
8748
7285
1030
7489
8837
8479
6949
8317
6161
3859
3517
8477
947
2594
7083
443
4924
5000
930
9515
5202
7552
4305
1073
1466
756
6930
3447
4383
9440
2541
2580
7524
9463
3560
2150
2485
4291
4936
8394
4422
5692
6712
7244
9452
504
2393
9296
4659
3572
7024
1219
6721
3681
5934
912
7937
1144
7382
8607
3180
1683
8219
8778
6051
5564
780
2012
2111
2744
5127
1639
9009
9065
5112
507
6878
8525
4605
4888
4793
2102
3562
2053
8792
2198
1028
8828
8233
5549
8248
9563
5046
9928
4455
4575
8330
275
2248
6835
6154
9036
5415
2516
5102
5546
9120
2360
2092
1709
7257
9644
6968
8713
1701
1955
5592
4041
9822
9818
3961
8935
1454
9697
7108
5284
905
6414
5618
9507
9191
7234
9421
1361
1500
6155
7455
7089
2688
645
7833
9861
9118
3818
2292
9785
7925
4959
9417
5255
1855
868
8711
8345
7274
7094
8661
2006
7390
654
602
8684
3967
9523
1938
9821
9390
6792
3699
3941
5213
238
5172
4183
824
5757
8710
2591
5759
1685
9434
6047
7911
8783
1036
8548
6492
1409
7656
2881
4067
1476
4438
1663
3785
2708
6759
1511
9975
6998
5677
3396
4854
760
7978
5453
2460
658
5648
5388
2777
5064
9765
3948
8999
5131
2195
9559
1014
2029
3578
3254
2822
9989
9839
7482
8956
3117
3430
3234
237
2851
2842
9542
7934
9095
8232
322
1286
8055
4531
4029
5497
4662
3826
5125
694
3758
3062
9343
959
1029
2000
4465
3678
7029
8791
470
8017
997
8647
8734
5730
7161
6124
236
2452
2957
213
4451
6325
2076
9633
5544
3880
1175
5408
3684
2408
1784
323
8655
5043
5779
3824
1644
1000
7191
1703
2818
4637
396
6187
8481
5664
6351
24
4080
6477
2903
6829
4593
9854
5098
4414
6604
7940
4952
173
1708
3654
217
8389
7421
6773
958
2116
5225
9298
1327
3475
469
5186
408
134
6728
4867
5949
9098
9998
7938
1868
4973
2998
6285
8758
4753
6243
7583
8366
1992
4409
9344
2400
7438
2629
6210
3771
6025
4371
4898
4490
340
4145
1446
6870
7713
1764
9126
6881
9655
8124
142
2167
6897
473
4034
5475
8125
3516
1035
6867
1889
1493
6103
4035
8499
187
8292
9582
2426
1606
210
8986
9692
1922
421
6531
2330
8789
7295
2892
9730
5344
8321
4445
3347
4349
6582
5874
6854
9258
8786
8057
8777
1591
1032
3252
7220
5264
9161
7541
3016
9214
2607
3455
5788
2819
7650
5673
8743
8393
518
3154
706
2741
5333
769
8597
456
1204
8185
3331
9430
2287
1473
86
2356
8413
6315
6588
7802
9219
1161
9610
924
6549
2099
1185
9466
6194
8028
5703
2692
6405
9324
4148
7681
1876
1976
5968
5651
1574
1218
6796
7345
2886
8923
5007
5607
4491
1748
2702
575
9838
6892
5428
5705
7876
3224
8770
9529
7837
1094
5389
7784
9654
7036
6046
8166
7759
1192
8123
3217
2126
8357
6884
766
8939
7929
4678
5235
3970
8907
848
6596
9745
4127
2734
1263
652
2661
4562
9004
7680
5195
7050
5334
8195
5589
5197
3944
3030
1152
5277
7507
3915
1319
291
9892
4908
1998
9406
8915
6067
7765
3842
8178
9936
7376
2574
9011
1755
5959
3519
8065
5619
2568
613
2075
1143
4717
301
2553
3326
3885
6612
2409
816
690
6423
8650
9241
1828
3815
6507
858
8072
9261
935
2598
1499
4229
7273
9764
1677
9891
2986
1315
2630
5467
9337
1406
1329
4541
4656
594
8965
179
5716
1321
4398
9919
6178
2973
9858
5733
8494
1835
9432
7983
6073
8913
7621
448
4121
369
6311
955
220
4023
7436
2182
8545
9236
4654
5047
9021
8036
5917
2518
348
4374
965
7374
4608
8310
6064
895
6375
5793
3832
9008
4453
4441
311
2259
151
1355
487
9534
6045
2227
1221
9978
8543
1910
1535
986
1234
4966
593
4559
9093
2324
6097
183
6108
4016
9562
3643
2515
4516
2318
4721
2213
7873
7165
6443
3706
4572
1814
7021
5485
3143
2745
2256
6753
8151
399
7674
5640
789
8824
9275
5191
9039
4702
1186
5870
6237
1419
7149
1803
862
739
59
5714
1041
3823
2449
1782
2539
5637
3374
9175
7418
4258
372
1737
8681
7201
7974
3659
1222
75
3077
4065
3295
9650
1595
1412
5243
3371
1766
5948
2279
9675
3022
5954
6592
1961
7005
1393
4734
2550
803
4860
9426
3364
5265
6967
9585
1322
7688
5163
9051
8830
1048
3702
8898
2372
5782
3382
4098
2087
9916
8862
6974
3068
1913
4358
2455
7135
8565
8063
255
9472
4132
967
1558
9771
9002
3674
1210
4377
4844
3625
2422
7457
3293
637
9895
172
758
3680
8489
7240
5267
4553
2421
3410
3596
2175
8498
4005
6360
7291
3893
2478
6460
3875
457
1348
2890
7900
8930
1492
8400
5554
3276
5717
2548
1140
3540
6669
7379
6608
1059
6451
5931
6960
5397
6203
6430
9483
6349
5010
6678
5394
2046
3461
3083
4548
4749
7224
3070
2748
5940
5777
3272
3661
3734
4592
572
5918
8833
3524
8569
7971
4621
7836
2238
4456
2345
6213
4792
3548
6436
8964
1627
1177
3218
2906
4252
5436
6421
7785
8084
4871
8658
5725
4386
4158
1084
9294
6440
8223
1752
2063
2954
4519
2950
5989
8396
1305
9303
6922
2171
1171
4615
1630
3914
9814
3159
2884
5627
7196
579
4264
6516
8352
9547
195
8374
6394
4443
5522
3848
2894
5169
8782
4972
225
9930
1049
1900
3851
9193
8461
7096
7537
3577
6832
1590
5378
189
1678
3932
8234
8044
902
6092
647
4958
7485
880
1746
9297
7872
2230
6767
8035
8286
7265
77
8763
6082
6525
5818
4073
4179
9735
5736
1564
5492
5932
1357
2299
7608
5164
6515
887
7549
6880
4112
3910
2289
4068
2364
4406
6479
2039
4732
233
5920
5621
2911
8437
2658
1183
6209
979
6654
1756
211
8592
5038
6172
746
8640
2095
1818
2651
936
9987
8184
6432
612
7048
6204
7977
2996
8315
1980
6947
6610
724
4638
3791
4012
4537
3895
777
9689
4044
6180
2560
8136
3245
1796
562
8274
3779
9598
8209
2572
764
4941
1442
5448
6472
67
9350
9976
1271
9119
2925
2910
2780
4103
4069
9531
3014
3974
6552
8158
6811
8020
5493
2508
5875
3614
1911
5184
9459
843
6791
5843
7523
6919
5992
590
7446
2468
7472
2278
4232
7739
7701
8448
7416
7699
6215
3995
4817
2425
257
8767
4269
540
7948
5082
8159
6920
5814
2008
4999
6170
9479
2816
2632
4505
6807
3230
1832
5145
1304
5251
9444
643
6445
5373
7985
6330
5836
8177
6083
8942
8826
5003
6561
2489
609
92
701
6456
192
4312
9185
8697
8239
4802
1024
3373
9847
8568
8373
669
7558
889
1489
5839
871
762
2168
2728
8627
2786
4091
2677
6543
7052
1808
6241
2902
3388
923
7051
8523
6163
7393
584
2183
5644
8615
6177
5084
1722
5687
8682
20
5590
1082
8814
3918
5124
1447
2543
1250
3006
4728
6941
1435
8638
8878
3187
975
4479
307
5838
639
5338
2487
1783
7622
7077
4467
5323
1719
1470
2015
1912
8509
6348
2752
8458
3098
8472
6668
7260
7121
2285
6641
2810
7597
3167
6011
2383
496
231
5079
7136
8775
8704
9073
1193
741
2862
6216
9784
2340
9546
2235
3750
4411
6292
8332
1888
2981
9872
8202
3366
1622
6909
6191
3749
4782
1176
5160
6165
5555
4037
6088
9076
7560
4208
344
5593
7151
561
5844
6763
2847
9286
4244
7898
4993
6697
7816
8877
7577
2533
9921
6781
6707
4648
1230
6644
8045
8776
8453
206
3458
7855
9457
8262
227
2917
5693
4682
832
4574
2534
3208
5257
1836
7093
272
3575
3368
4204
6130
5319
7000
2165
1113
9589
4735
9143
3416
1254
2778
3176
1494
7098
8771
1194
1962
2107
4876
7926
7655
9894
3689
2201
8003
4427
1731
9368
2701
6274
9485
1629
6554
8869
9355
8807
5033
2098
3466
3352
9934
2373
8849
7413
1648
9354
604
3991
8496
6056
4492
723
5205
3343
6450
4815
2196
1291
5200
3984
1706
9512
5288
9037
2679
8996
1337
3365
9407
3704
6201
4618
734
9302
6825
3501
3981
143
5190
1679
8344
2374
6748
7620
4822
8226
709
6102
9867
1615
1482
6820
6298
2944
4282
9309
5977
2047
9925
8245
4332
9366
3001
2231
3459
3733
7403
6653
557
2663
8808
1672
4703
8755
7846
9221
2858
9581
3301
21
6101
1797
4458
3324
2190
2031
6195
9225
8318
4964
9994
6532
5910
8459
3960
8146
2272
568
2945
5845
6939
7370
3313
4362
1502
3378
2524
9199
1919
8639
3379
7119
2907
3283
8090
4641
1809
3502
3422
3634
5228
3435
581
3341
9954
9068
2979
5275
7581
2603
952
27
7509
8868
7532
7335
4294
5571
6902
132
1530
6901
5139
8222
3574
1227
3278
8746
1005
7275
88
4555
1846
2179
2202
5290
9727
383
2500
268
431
1127
4070
5583
374
6384
7516
4081
7031
265
9251
6070
5479
2513
7705
342
5268
3911
1075
336
6372
1262
7329
3887
730
1837
9678
3487
6225
6877
1294
203
761
7484
9014
9938
3111
106
2966
178
433
9552
3663
4568
2309
37
5506
4738
2290
3211
1893
5411
9194
5090
2137
2931
1903
6226
6081
6123
633
4319
347
8450
8840
9089
1490
6995
3088
5969
5208
9522
3858
1165
5542
8478
5639
2869
1407
4881
2699
3765
6199
1020
7789
1544
7327
7381
6305
7992
2834
938
5040
601
1643
91
5859
5649
5955
8524
8873
9399
4040
9693
13
5573
7210
8908
4171
7706
6831
5438
412
8796
1417
5930
1582
9622
7554
9281
6889
6183
2762
2264
524
8926
2993
4110
1860
3969
1445
6611
1246
6851
8668
6093
8924
7321
1201
1957
4635
7474
9230
9374
9900
6864
3486
5359
6444
558
3236
5236
9897
197
7961
2638
9460
4273
3448
6958
1566
5635
3297
8865
9755
4329
8333
9670
6410
4196
1690
6630
9101
556
6518
9820
8742
8094
9196
7025
4432
4949
994
8454
3009
4614
9733
3980
6497
6176
626
2720
3582
8880
4551
4236
6817
6999
8470
1057
2415
9824
373
4250
3545
5240
6506
6905
7341
9269
5674
9748
62
9361
8560
6248
5443
9929
3255
3007
7084
956
8354
4846
2135
5961
4907
9356
4944
2921
691
2876
4082
7671
9669
1892
9415
2283
216
9079
3323
3094
3367
5723
4033
8221
3057
9436
1107
5794
9369
1660
8520
1695
1478
2103
6267
818
2963
7414
9496
5327
5584
2880
1182
4433
4057
3708
5807
719
8149
2429
1581
7575
1467
528
1623
4757
3130
5266
3538
3695
185
7263
7246
7491
5229
6579
9774
931
1450
2527
8250
6175
1200
9184
9169
4321
2595
7890
2781
525
973
7646
8820
9865
1033
2197
844
9725
2913
8446
7689
3177
6978
3213
1642
9768
4778
152
6666
8624
1339
7090
3282
6198
7087
7952
9232
2089
7641
1733
7293
5981
7648
493
8805
4940
9554
1265
708
9714
8288
7449
1549
3023
3436
7310
1810
9625
2503
6024
6646
8863
1373
4483
2049
7694
510
135
6295
7969
4452
7470
8694
4424
4935
2327
9926
3258
5031
1279
1895
8612
3419
48
8845
6131
3759
3938
2730
1388
2602
2531
2807
6188
3157
6937
4181
1611
3839
3304
2277
3778
3543
7004
6114
5366
7258
9401
9728
5421
6859
1863
1563
1431
5293
5501
3026
1347
2722
5343
5724
4463
9285
5434
1916
7058
8884
9380
9114
9782
6688
515
1328
9734
8363
2407
4508
3822
4671
4916
2337
168
810
1926
2180
5985
7498
5349
2797
6060
839
1460
4176
4009
7942
2051
2249
5220
7389
4634
1529
1687
5227
9410
1550
3096
4434
9122
8785
4772
8073
5269
8695
4430
9500
3148
6055
3040
6660
9637
6245
6896
8595
8463
3160
7123
9030
6294
9249
9409
6671
9305
7562
5876
1850
5454
4808
7193
7150
4368
3428
6483
7138
7259
397
2037
1135
9384
8932
2799
4394
6387
3764
3806
3004
3547
4317
3554
2823
380
5556
7535
7968
3265
8228
7712
2446
9749
9893
7440
9055
4200
1022
9349
1353
1047
1132
6229
7980
9234
2912
5253
1909
223
4751
3336
7312
4709
1438
8322
9439
2750
1554
9310
7818
2121
4837
4352
907
2850
3622
9304
9313
3881
7497
3052
6713
7055
8832
5559
7120
2711
7607
9317
3403
7760
1914
3660
4336
2600
3353
7902
8289
7216
3781
9767
1225
5159
9032
7323
8887
6310
337
466
9342
7795
3794
8276
8703
492
2737
8768
5976
3965
5935
8272
478
3260
5657
118
7503
8046
1323
8760
2149
6694
8439
503
8397
7288
393
2824
8385
9376
9741
9468
9813
6988
7043
9873
1195
2140
2771
8170
7292
1269
3405
4093
2613
6471
2769
6402
1821
1085
7326
8980
6898
4223
4028
1425
5795
5580
2228
2958
2646
1264
9060
3112
4901
6058
1245
1649
2017
9338
5401
7222
2655
4580
1588
840
2495
1699
3957
6246
6559
4785
6986
4744
7344
1518
3215
798
4538
5830
6277
9979
3135
4806
1883
6566
7736
5816
4437
6288
6598
4630
4523
9932
627
3930
904
8242
582
8957
2640
8287
136
7487
7767
2212
1577
2261
9332
9377
7002
5888
1691
4101
1484
2170
3035
6661
8961
5879
53
4922
5310
5606
934
2336
3375
64
7122
2036
711
2616
9347
7881
8971
8736
8100
7653
387
536
2809
6943
9082
9001
9455
5051
7145
5014
5077
3908
5004
1795
137
2160
9418
7775
7793
5166
7170
4459
9667
6711
6112
2176
2436
4405
7443
3141
4600
7298
4019
3314
3730
4225
9308
1155
4740
8135
2486
6048
4372
9116
7959
9454
5881
1721
4670
6033
9517
7732
5108
9846
390
5747
4202
3432
9208
8163
3261
3284
1567
357
9760
9186
8210
842
2812
8488
7194
9757
8015
423
9322
4299
5271
7016
7758
906
5928
1979
4489
8817
9750
6972
7635
1861
7512
3950
7148
9321
6486
5686
7070
8841
4977
800
9420
8118
7130
8527
2073
6703
5691
6929
2079
4256
1811
8712
8497
6438
7941
5199
2685
1555
939
4190
6075
5828
8053
8628
9042
8821
3384
754
8173
1596
7757
1775
312
5442
4746
5321
5237
7897
8653
5901
308
7204
2726
1528
7573
1220
2418
4544
7361
5827
4267
656
42
6758
4524
644
6699
7501
2347
9024
1295
6028
3122
9505
2955
4868
3178
4226
7264
3116
9638
9908
4588
1519
9833
963
5233
6452
164
6822
5173
8031
809
4980
7478
7927
7097
1645
513
3462
508
6265
7914
5352
3934
2999
6009
65
9201
2742
5402
6485
3947
6409
2204
9953
805
9949
6575
1345
435
66
9603
5688
6214
4984
7692
5472
6186
7267
3285
9555
9605
8677
6193
3898
1092
1159
6886
9340
3100
3650
8484
3542
8140
4154
7062
3775
1947
6280
9379
9944
5254
3601
992
4764
7195
4056
105
2694
7999
1812
8508
3518
5056
9276
2458
4318
4651
6664
2528
3900
5274
9898
2331
3340
4676
2105
5207
6689
7462
1716
968
1238
6019
1274
8030
4731
745
4448
2366
4165
8260
3420
1070
424
4556
7910
1805
8183
5340
9273
7901
9899
7207
7046
8998
2246
4739
1108
3402
6493
2405
9992
3669
2108
534
3693
3611
6743
1231
5984
3118
1006
165
9299
3008
415
3460
6819
6520
9680
7500
4501
1384
3033
2703
9805
3248
2992
5281
3735
7419
8738
8215
4395
8154
4462
2481
5972
8598
6805
3192
8432
2411
4684
6317
621
6751
4135
3882
5080
9828
6648
3089
1977
4224
4149
729
3952
9521
6257
170
8235
1826
4015
6602
4947
1776
8462
5224
7877
4477
3468
5146
1804
618
2009
9292
3677
1759
4001
8156
5017
124
7287
8686
277
807
2362
3809
6043
8034
605
5781
3656
8740
9085
6590
9519
15
2526
9171
7247
7935
9575
632
1411
6916
5391
4915
1352
5433
2348
3651
4342
2614
8466
945
4875
9604
8303
8733
1842
2844
6218
8888
8664
9170
7373
2798
4601
4891
6754
6296
9696
2930
9999
9880
6219
6622
81
6332
4088
5466
267
4661
6868
2040
9443
113
4053
6236
7069
5914
5970
9445
8476
5109
9494
9514
2332
5384
9480
7623
855
2510
5158
1251
3440
4811
2709
349
8198
673
8921
8690
1197
919
2537
9832
8265
8080
6428
5412
7884
5073
5849
5364
4290
8546
768
8798
7433
9348
5967
4180
8487
2870
8715
5829
3834
2050
5055
5877
4060
2357
9086
9045
6437
2325
7686
5111
376
1929
9252
8054
774
2536
6189
4066
5495
4650
8855
3862
1149
4857
9912
5085
9551
9334
1468
70
5263
6128
8517
8514
6036
2521
6283
7356
1963
2133
7104
5418
6527
7250
8360
1318
7593
5440
6396
2268
8279
2558
2808
9738
9787
1
7412
7369
3115
2185
4685
9651
5749
1040
8282
3721
564
9182
5553
933
9906
6715
1441
4502
3273
5922
4153
3421
4416
6813
4123
8204
9220
2826
4813
8823
1538
7750
2474
6866
6420
6523
2226
7665
5762
7747
3290
4310
5766
7506
8421
8387
245
9997
7920
4542
9628
232
8109
972
2059
1308
7810
5244
7687
33
3968
894
596
4925
8622
3445
4327
9100
3607
5773
1129
1698
9506
282
5652
6502
793
395
318
6555
560
4440
2885
2700
4971
1931
7989
1885
879
7751
4164
8714
2494
1867
9019
3457
4576
3494
3286
1923
5247
853
5012
5037
6196
9527
2891
7408
7603
603
1972
2599
660
8928
5348
9614
1060
5151
8229
4042
2662
2313
6957
3796
7180
5624
174
2672
2790
2450
9028
9158
1375
7700
3553
3581
9097
2304
6800
1999
4724
5140
4675
7944
6736
7198
9474
1788
1711
8967
485
3652
5030
5594
3646
4162
1275
2509
9627
8761
8414
2267
264
9676
7625
1260
111
7632
2376
2473
2120
6926
9188
1562
4099
2919
9400
9561
6370
6674
4701
982
9
915
6874
6397
3104
2316
8493
3636
3531
5150
4107
3833
5416
3863
6936
8356
6084
8212
9794
6377
6085
3037
4905
4842
6476
3398
4251
333
2878
3812
9754
9530
9003
8555
5482
4324
3638
7882
6249
4561
837
249
122
31
2026
6300
6371
1298
4094
9469
427
1958
7972
1598
7366
6052
9202
445
9164
8585
1168
6645
9653
8730
5035
6914
8636
3963
7387
5663
4468
811
3107
7033
3811
735
4990
2813
877
5045
7463
6174
9312
9548
1080
6053
3772
1368
4184
377
26
2863
83
6755
3291
2915
7976
7695
9608
1341
1069
2042
9262
5633
4004
1007
6141
8016
5565
7185
788
1640
6031
6946
9049
4649
9218
3418
6467
9330
9441
5100
7823
7880
9450
9586
5986
6329
5743
5561
4384
6686
2983
908
6542
6341
4912
5924
432
4373
7628
5049
361
2971
6808
2821
3321
4521
8139
3787
1772
9289
4526
1886
9672
6077
5572
1061
3658
926
7505
3499
1090
180
7364
7324
7319
7861
8969
874
4038
9272
4213
2522
8810
7973
4677
4533
2768
9806
4262
8401
9268
7034
5913
8047
1241
2156
8144
9889
8570
5447
2556
1288
7322
418
5181
1526
1509
7529
6269
1527
1763
3441
2860
117
8447
4725
8641
2899
450
5694
1079
1971
3424
1676
925
8008
2334
7383
2636
3583
1451
2152
5567
6162
3951
4527
7812
5034
6727
8271
3715
8906
7141
7811
8977
148
5157
5292
8876
3534
8800
7830
7731
6120
4408
8307
5822
3817
9518
489
3767
176
3268
364
7155
9062
4345
1653
1330
3628
2887
537
8902
5541
9815
9431
5765
776
8516
2447
2496
7190
61
9706
3933
5857
2529
6118
52
845
5787
3425
3849
6424
1105
9327
2680
5683
9963
9000
6491
5950
6737
6095
9300
3210
4874
957
3394
542
2402
5011
46
8326
84
5923
550
6362
740
1743
6512
8254
2335
8077
1713
6418
9870
1894
4049
8614
5409
8059
7351
3598
2932
5222
4968
7303
7601
8917
8355
5834
4957
6827
4063
3539
5525
3962
8043
2837
7776
6230
1351
1964
3101
4989
6722
4954
2784
9510
546
679
1366
4859
7355
6540
6723
9577
3883
748
7634
7943
9339
1429
8025
7146
7659
2499
4584
1585
5361
2623
6501
9411
9489
3338
6020
1732
4436
5521
9791
870
2065
2815
2399
2370
5459
1740
6665
5500
1866
2338
8428
6745
2652
7561
716
2413
1011
9351
1523
9922
8041
1943
6007
3973
4129
104
8885
3588
6869
7716
8341
5246
6015
8410
5599
2557
6379
566
9946
3102
4932
722
8187
242
676
5804
897
8085
5276
4834
641
3429
3061
4469
617
9007
50
2593
7494
363
9645
3054
226
8431
795
4170
9446
9647
885
4692
5076
9661
47
4595
7188
4894
4189
8900
425
8652
1786
7476
8960
2530
8941
5302
8434
5769
4814
7113
8575
2674
2274
1334
3275
5708
3305
6090
2241
1453
4672
6576
7358
437
411
8213
8539
2546
9103
4296
6235
4570
2297
7133
6750
4788
5494
3864
4869
2155
7237
4126
5379
9781
9365
246
1833
1864
3687
7166
5658
7771
78
2104
5915
3195
9238
9700
3742
287
2013
9973
8619
2846
8912
3359
6373
1664
9616
750
2774
5892
8001
5894
1710
6422
9203
8901
506
4791
1697
4623
5511
2236
5468
1063
4825
6062
3557
7691
2943
6617
3623
4726
7164
4759
4694
4550
4270
2414
5354
9429
5326
7248
8335
7967
996
2492
6030
8513
5604
4856
8891
6843
2800
10000
6924
8129
5461
6224
9850
3617
1609
4271
36
3797
8512
2295
4609
6012
2491
687
9491
5502
3700
7734
3303
5162
7756
4325
293
5245
8348
838
7473
2454
9278
3905
7886
9831
2827
9702
3602
3241
3799
3171
9656
5309
9594
3946
5036
4235
9360
914
400
3983
4866
4428
4897
899
7748
4910
755
5075
1313
6461
6303
2581
1087
2953
4260
9229
3665
7168
4078
3955
6353
7707
278
9486
1537
4146
8745
3909
1508
9511
4566
3990
5927
8725
146
2669
8970
159
2122
4218
7334
16
3808
7397
4783
8553
8381
5210
2535
8367
5764
5611
7006
1618
2656
3123
2654
9424
4853
5756
4771
4602
3867
7026
6137
9005
551
4920
653
5813
414
3513
6068
5489
8603
6627
1320
8753
7354
158
4285
2094
5258
1540
4495
221
5722
7996
6316
256
4691
5298
2749
6904
4493
2483
4879
3975
7769
2678
6695
453
5903
1166
4194
2985
3600
1169
6352
8839
9240
2761
3152
5066
3294
6913
8899
3567
6852
3463
3067
6426
812
269
4597
8324
3521
2216
2597
4102
5261
230
1825
8696
3140
3043
4205
5654
7269
1613
8842
5884
8630
3855
8203
5325
9259
4711
6624
5296
2666
2814
9504
292
9639
9204
6891
6147
7167
2380
7753
5273
2690
9129
8974
4557
2321
2608
2363
9681
8336
7037
7492
7392
5060
3412
4847
4752
6876
8251
7211
2388
6319
5023
2387
2936
6690
6823
2753
2908
7078
3533
8951
7014
9611
4442
2208
2542
454
4401
1369
8797
4197
649
6639
313
8179
1546
7157
6447
9773
4167
3
3197
5206
1243
7510
2592
1471
6017
9456
1573
7631
5121
7844
5219
4011
6014
6551
3691
6488
725
9917
6289
4970
4658
8910
1702
9174
7471
5358
9255
4652
4449
3027
2631
5470
7746
6484
5600
3451
9723
8590
8340
1119
3795
6637
325
3288
5980
1777
1997
8006
2970
8071
9106
280
7434
2048
4756
9643
6254
6074
8038
5979
9381
4761
5601
6500
4047
5629
6455
4177
1924
3591
5800
512
3624
6238
8732
4748
4545
5789
3899
2706
2828
8933
8175
3982
7845
7461
6049
1949
270
3018
5851
8927
721
8846
7987
8291
3727
3698
3397
1420
5737
6173
6979
6407
5509
7430
6416
1851
6662
6872
8606
9397
110
8881
2217
7669
5962
9265
7023
1458
9038
8699
7854
854
2022
3804
6340
7640
3748
1136
2222
1103
7678
8818
3807
8418
7979
3986
391
1216
2571
2668
6207
7762
2423
3480
2118
6166
2243
9183
4393
1465
2905
7578
4418
8533
58
1122
100
8892
4412
1432
3113
6530
2456
5655
3306
7696
1424
9502
4631
9336
248
8152
4647
1705
1244
7357
2164
783
7798
5351
2883
3221
4858
7741
7834
7909
2551
4518
5404
7806
4832
8485
1396
6771
4255
8392
7843
5638
3319
5727
9721
4407
3550
458
5413
7131
6261
2675
3768
3511
7066
6650
3641
1628
770
942
3713
2845
7012
9205
4206
5365
9960
1647
1179
8145
2317
4351
8578
4807
2191
2416
7592
5958
3000
9674
2586
6429
6256
4222
9104
5990
4705
9694
8005
3829
8531
7719
9671
214
7580
2573
4209
441
5252
2738
6643
9074
6679
381
5846
5016
5346
2151
521
3179
571
4295
5905
3339
5456
6304
964
882
6788
7564
6587
6197
4481
7490
6328
2648
8896
1481
4665
1838
570
7906
3527
3103
7958
7866
4520
2181
1589
2173
9569
3185
4803
8442
7949
7187
7261
4713
1614
413
3703
3249
5091
1845
9137
459
3956
1433
6606
3334
9732
3442
382
5801
7956
4776
2139
8550
4942
4392
8698
394
8018
208
6270
3667
3002
8010
8264
9345
6980
8836
4547
4657
3890
3289
5552
7218
3145
3477
6324
9659
4889
9800
7192
7063
5856
3760
5026
4573
3609
3164
5203
3151
7139
6022
2664
7465
6893
5180
6769
2671
4008
1266
5142
3280
147
2088
6517
4686
6367
1372
823
7611
1778
5975
3233
8189
154
1875
6591
9016
6000
5239
491
4612
74
3536
4873
3299
1181
8644
3587
733
8252
3071
9743
9499
9228
2333
3884
1956
9885
903
5530
9904
5852
1367
7852
5774
7962
9808
9449
9099
8244
3032
6115
2852
2369
266
6185
6475
6244
520
1151
6264
6733
9630
3723
8804
7079
7576
6504
5209
1138
4185
4660
7643
5536
1753
7953
549
6381
9023
1665
8574
7629
6569
8409
1928
2872
5316
5424
6369
9993
3928
2002
4097
9677
731
5188
8270
1870
6842
555
7009
4786
8936
367
7726
8822
2804
5027
4883
7555
7183
7670
4887
2739
3985
2645
5113
7673
1506
1921
8975
3350
1278
9370
9394
5022
728
3133
813
5850
3793
8091
9942
9187
3726
9775
8667
8161
8979
5715
3673
5645
1371
2255
3801
6291
1146
3209
1346
6761
8850
8111
279
2433
4365
8294
4231
1053
5537
115
6106
1533
7088
5988
332
7488
3344
8444
9532
6339
9871
7533
8132
9010
1115
8707
7125
3012
2575
3415
4079
7668
5998
338
4419
6976
608
4137
8904
4025
3170
121
7132
6072
2660
4142
389
6190
4281
1522
1545
2624
314
1267
9006
9545
6386
7871
5178
4389
7594
3761
12
9447
5983
286
2188
2825
974
7584
2833
6323
9640
9538
9233
7572
6129
5129
4669
7754
1215
281
5390
8985
3269
9108
8192
6150
6809
7243
4399
7763
4052
6008
500
6363
5595
1157
7993
3906
3604
5808
3919
999
3470
589
4341
8949
3935
9256
2562
5283
9412
2967
3084
3413
8507
8500
1762
7477
3675
4697
483
9708
9109
9141
6632
1700
7602
9329
6309
2620
8529
3348
8642
5307
2965
7042
8433
4978
9041
5926
7545
6223
4241
5386
1661
7764
7469
3392
8426
2806
4300
7405
4020
5059
8566
8225
1720
1248
8441
2978
6615
3386
386
7053
3389
7794
5170
2353
2782
1232
7664
3175
7114
1908
5052
4629
94
6560
5460
1110
7315
9981
5712
1296
3357
563
9395
5116
8342
9746
8731
2969
6383
2417
4259
8347
8645
3959
662
5997
8757
8076
4511
6354
8943
1147
5566
8099
8358
6250
6935
3878
9634
8312
8739
4642
9809
3558
2525
5042
1100
191
5120
5367
857
7787
384
1969
941
9786
8532
9836
6766
3381
8886
8651
2404
5745
3618
1285
9662
8931
827
4054
6251
5936
2129
324
9740
2346
6366
2158
5776
4840
5008
7336
5809
5953
8580
6856
2935
7214
2296
8944
6879
1487
8633
1125
1754
598
461
6413
3225
1336
7702
5956
3483
6253
403
315
3028
1536
3613
9250
7236
9950
4878
9835
3034
2381
8870
1410
9266
9629
2308
6346
6222
8754
668
1813
3854
7682
4500
3754
7868
2162
5581
3184
3242
6938
3190
9403
6834
4581
2061
7353
9385
7040
8835
1633
5295
1211
5613
8199
1086
3692
8654
4431
9155
1553
8911
103
1284
9157
7862
1163
5445
222
7451
657
2859
5138
533
8752
2082
9881
9083
883
3746
4820
2547
1551
126
6853
4587
3189
9367
4175
8121
1180
271
1483
1944
6778
9056
7208
1173
8535
6656
9291
125
6676
3072
989
509
1205
2354
6286
4900
2207
4716
619
3526
3500
6080
416
2590
1255
3923
5706
5815
149
4610
4026
5532
5221
587
6364
4710
6127
9596
5726
8663
1877
7205
796
2888
150
1580
8224
8544
6696
7401
3125
916
7186
3087
3481
7423
3792
7068
1800
7316
7922
9282
5784
517
9972
7359
5603
8719
3050
9830
3106
5612
5101
5841
5211
1480
359
7129
2166
9131
8150
9884
8747
9067
5933
7729
234
2596
1723
7550
8013
5514
2412
4343
1542
5449
5058
5123
6803
9216
2041
3912
405
8717
9437
2024
8067
9279
309
2136
2898
9243
7350
1682
2610
7619
671
7325
548
8378
7075
9796
9553
3631
9607
7574
7368
981
3097
1898
7486
5083
5086
9178
6932
5483
8445
3857
8483
247
1394
1223
4140
4083
1016
710
2820
4497
6023
9571
5578
5656
5115
913
3997
9590
9964
4457
3988
7124
3514
5345
742
9335
8769
494
1658
1485
2476
9391
2817
7296
6895
3446
1270
7571
1397
6693
9231
371
9072
9398
8249
112
928
6281
7342
7896
949
7779
3999
3929
6815
9913
4687
1880
4762
5783
7710
8708
2427
6125
2770
9766
2060
1316
4337
1031
2233
7252
5463
4381
8962
2138
5853
5704
5357
2397
4758
3783
3399
3766
8074
123
2250
5682
3231
9601
3372
6076
2440
5490
6945
9910
8635
9986
5871
8976
2344
4639
3978
3342
5322
4865
3569
3473
953
1583
5798
998
4563
3292
1525
341
8727
8602
9293
7367
9947
4690
7160
984
6135
3066
8601
7617
5507
1240
6228
5824
6142
5938
6601
1859
3931
1996
9533
6787
3841
2519
6307
4242
6442
8834
4850
6571
9866
4466
8803
2956
5396
9758
5432
8691
4400
7076
9722
6537
1932
295
6078
4303
2018
4627
9222
3994
8308
1989
8620
9665
9599
651
6259
6741
55
388
8567
2667
8541
3048
4391
2058
1387
8510
6816
4736
8831
3134
7391
4504
5155
9363
96
4906
6508
9134
7570
5435
5952
6729
8953
3069
7633
5898
2127
8012
8993
1587
5174
3902
8618
9422
2131
3546
5089
3701
7073
1612
7226
5916
8874
8208
1849
4773
7339
1081
3188
8227
5250
9375
6158
1214
948
3235
4594
544
6034
4346
6850
5095
9492
5054
1930
8160
6192
8257
7118
9759
9352
8093
4086
6603
9565
773
1594
9811
2766
294
8813
4055
1959
2938
3564
406
4150
9017
630
946
2578
1807
3181
7698
5826
5400
6580
7352
6347
1106
1235
4480
5821
7679
5032
8992
7363
1306
133
7019
5312
1565
495
1560
5772
3328
8112
3220
4655
9731
4750
6200
8200
4770
3777
4963
6050
7517
6652
1878
2270
9688
6453
4653
5353
3744
1062
7280
2990
7697
5218
3770
2792
4173
1792
2566
5689
8474
7800
5473
8343
7007
2437
9810
5744
9965
5337
4192
3244
8475
2441
7821
6585
2724
3608
6091
9843
2511
9902
7330
2796
1052
1988
229
5527
834
4118
219
9935
5528
3051
4893
7984
4182
6739
1561
2068
3594
1760
5660
2220
6782
8706
499
1974
1104
8938
1547
6786
38
4292
2579
2583
1160
3173
8701
9524
5667
4238
254
4276
5951
5234
6797
8117
3162
6890
3485
9271
2052
4640
1729
9156
7035
9756
430
1395
5009
8989
4227
8950
3147
6510
4348
9115
9535
9453
2512
9084
5395
9382
8297
8362
2083
7027
5754
1790
4861
8196
7548
4335
8169
7428
4420
5665
4666
3198
4288
464
1207
9053
204
4767
1915
8197
7796
3223
2830
401
8027
8665
32
7933
5231
7856
2178
6942
9631
530
8486
9736
7720
9416
1641
1229
1385
7777
9802
6607
9685
3590
7982
7228
9328
5855
436
2622
8207
1277
370
6417
3489
6911
2532
5462
5320
1656
5719
1673
615
7899
7511
5868
4848
4599
6415
1948
3976
5597
8847
3345
1834
4272
3676
6338
6605
6356
8656
35
8361
638
9657
5226
1600
7788
6953
3664
7404
9612
2849
1940
4560
1430
7723
2914
8128
8323
7479
636
3780
6633
7609
2704
4886
8062
4096
6599
1382
1632
3349
6991
9957
3036
5505
5167
8838
3437
820
6344
6212
1427
7429
1655
806
5872
4674
7242
4284
6096
971
1083
1757
2368
9513
5540
3172
2475
7605
8947
2609
316
1495
7420
8937
9860
8384
736
4487
8126
3865
4577
624
3889
4247
817
9593
5854
9747
7919
8895
9646
9135
3488
6480
3401
2286
9652
7158
9488
138
1507
8424
7947
7559
2490
4882
4997
4160
7212
6065
7282
7508
7858
2302
5697
1806
7415
1504
422
732
876
8948
6400
1209
4955
3549
6640
9054
5676
8176
727
4796
7718
8790
6355
8328
9508
8101
9192
6908
6284
5002
9050
5331
3943
4212
9635
8564
631
1025
8526
7010
1771
2865
1897
3555
5216
749
8205
886
4010
6239
5792
3595
4193
8285
1462
5439
7660
6558
8816
960
1066
5099
3958
6333
3597
368
3337
970
6625
6159
5136
5586
5019
1154
7677
7832
4108
1816
8562
9059
8984
5718
2143
8116
120
2275
465
6408
5517
7276
4387
8557
8000
9874
3011
2639
1121
4571
3222
1046
1148
4000
2725
674
4444
8556
7903
3705
7173
8066
9724
3320
5622
7286
5698
1109
4169
586
2032
3423
8316
8688
6524
6297
2497
8390
6847
7991
7770
8105
5750
476
7841
9742
6208
744
1311
5192
5458
3871
5963
5842
5061
4532
3132
5134
6526
8577
2229
1252
4344
6951
5741
664
6910
8311
2438
196
1768
2976
7128
4100
1714
8866
360
1023
2740
4903
6702
7091
6282
1439
2723
7407
5480
2392
2918
5297
3877
2746
8561
3696
45
3325
5709
6742
8528
6954
535
5154
1268
859
9886
695
7875
2941
1802
7786
9498
7939
4388
9482
8687
334
8857
186
8275
175
2328
184
2713
7172
5499
797
2670
6273
7579
3019
5711
7200
1405
9264
4824
821
6419
419
4340
4036
7614
7277
9197
4072
1881
3279
7737
4353
5392
5862
9641
2684
8246
1925
4522
6774
2093
7202
8536
6584
9711
5156
8851
588
1694
9905
4027
2395
1681
4617
8375
2218
5419
6126
2252
5088
5451
3525
6928
2721
3668
9035
5732
2997
7409
4890
6233
7703
5605
2977
4214
1038
3478
5545
9837
6885
8756
7001
7642
7054
6790
3657
7563
335
9849
8078
5755
2743
7459
8110
4583
675
3266
847
4361
4354
6894
8096
6469
4586
7112
6279
4507
9433
2803
4745
6719
9587
215
4147
7116
6482
2989
1249
2187
5560
6490
1905
5786
9226
8255
3752
3937
8469
1568
1096
5519
2320
3788
194
82
2928
3492
9295
5118
7144
4549
2585
3830
1363
1164
7827
4313
5078
2398
285
7863
7905
1312
2044
2889
1696
2194
2853
1034
6915
4969
5347
2247
865
4363
320
5478
4013
2875
9346
3329
3200
1428
9817
4723
3757
3509
4045
5324
2729
8290
5414
4470
7308
7544
39
8070
2959
5575
3370
8339
9092
990
1936
9323
354
5141
2946
689
7384
1123
5417
6184
5375
2117
682
6145
9541
9242
7630
5973
7072
5585
4450
6670
9623
9142
5013
5993
1461
2390
2765
1054
640
4517
9096
7825
8491
9027
2994
1208
3474
3315
5524
8383
1338
3316
6258
8162
5768
9257
1532
407
985
2291
9686
6365
712
9883
3243
410
1758
8079
929
980
6793
6057
4425
8609
6121
7448
3439
4261
8351
7908
720
6570
5317
9890
1013
5383
1076
7020
6519
2385
1586
6814
3137
304
881
5020
9145
782
9887
2647
4338
2507
7735
4765
864
1869
5486
1226
3556
3204
4696
4293
5579
7744
3158
1781
8131
8692
5457
9325
7061
1287
8364
9777
828
101
7946
4643
4254
4515
2719
7399
1650
5891
7107
7467
6138
2293
4350
7095
8671
4779
1142
9387
1078
4488
4152
6993
7281
8083
1572
8945
462
5880
99
4021
3682
1325
7869
4699
2877
4673
296
2021
7613
4835
3131
6903
4693
7435
5978
1646
3716
4509
7531
9923
9789
7838
5444
6167
9393
3552
1045
4306
2209
6649
8258
6862
6326
5135
9855
861
9591
3333
6775
715
145
3573
932
3060
3736
1477
1991
8281
8253
7595
4378
9648
4114
1901
8168
7340
1350
2284
2219
3240
327
4863
2453
5487
201
1095
1982
4240
3201
3216
7704
9087
7761
7377
1074
1954
2045
2305
5332
541
9618
2488
1668
4698
554
9331
8547
6041
1965
5286
792
2764
4681
1364
3520
3892
5833
6710
4474
8922
3390
331
3939
9263
5355
6720
4567
1510
6764
2857
6830
8559
1942
6757
7519
2459
9568
7826
5270
8540
610
7398
7215
794
3490
4775
7395
7662
9878
9237
2221
5533
8978
5194
1272
9088
7945
9790
2650
11
920
76
7230
7475
5869
7690
8666
1718
9945
5867
7957
8042
3925
2451
1381
9970
1448
9435
5464
5805
1224
5029
4278
8309
5256
7569
1217
7966
802
2584
775
1443
2210
7565
2311
4168
451
7337
1769
7458
1951
5529
6463
107
1008
6160
6388
3666
2035
438
1534
2153
7817
4743
5899
5328
6794
6675
7219
7406
8829
9737
7182
6089
7142
9974
2410
1026
5407
4287
1002
1852
4539
306
1761
5398
8134
5974
9683
7951
9698
9914
4314
2502
9951
9668
6181
8981
9333
6004
228
9464
8425
4187
3694
6140
5685
6205
25
9856
7839
699
93
7233
4245
9315
3271
8301
5329
5380
9438
6260
6934
5110
4413
6655
983
8737
7266
3989
3860
4139
9770
4119
6613
9879
6139
2125
6481
7444
3491
611
4564
8331
3979
8095
9033
9442
628
7197
6572
6672
9123
283
9812
4249
7526
5122
4446
3142
5356
7883
8269
1174
6119
4506
7262
6841
6779
5893
2893
7307
8959
8436
5819
8679
7495
7624
7599
2096
5363
6314
2540
5763
898
7184
7970
4402
7936
4722
5643
4199
1773
1162
2066
7454
5897
9709
3964
7652
1126
6457
1497
6838
5294
6376
6701
5422
2273
1293
9977
7791
5437
3535
5982
4679
7445
3262
9588
3753
2961
9176
2142
2504
3453
693
3505
6449
253
5710
6179
2480
1170
3318
140
8089
4120
9012
5889
2683
4062
4228
1819
763
4302
2732
9180
3707
303
2467
1619
460
9077
1455
9609
5230
442
6026
274
8629
8482
2873
2349
1301
7442
2939
2211
1444
1374
1669
869
3312
8180
7338
3055
599
2439
3493
2097
9876
1422
166
8558
9146
1017
1213
4976
2686
1475
9133
3671
3270
3690
9125
8909
6021
1571
545
578
9378
1749
9168
260
7610
4919
7848
6783
2606
2080
1939
6659
9570
7439
258
7388
6621
8033
7612
7311
6499
1981
4277
4198
5965
6136
6844
5465
3528
7100
8581
6099
2431
5175
700
833
2323
5791
4864
4253
4754
2802
6425
9827
825
523
8104
7636
1543
5653
3047
9901
4334
9111
5680
9666
2619
9040
6706
5760
4688
1927
5420
1605
2864
3237
4301
8502
1043
2071
6171
6535
1986
5925
6812
1521
9110
2462
4607
7588
1326
4928
4982
3844
3866
5957
2144
5217
3409
9210
343
3095
7432
2193
5669
4816
2203
2240
244
8774
87
250
8106
468
6973
4367
5289
8133
9427
8069
2617
5865
1068
7417
9995
7041
9859
5734
4892
317
8920
6544
5820
2628
8395
3444
4590
7740
2161
8402
3155
8029
8587
3755
3576
7253
3239
5630
9253
3679
7028
3606
4174
8660
4877
4385
2159
2251
8405
6772
2909
9943
6577
2386
9840
661
9353
4613
4603
2552
9673
7840
4471
2838
519
6385
1724
8007
7047
1941
7954
4616
7177
8243
273
2637
4423
3828
7799
5282
199
526
8806
5939
1102
1862
4510
7199
6313
5223
6546
3940
7349
6553
1120
9288
7814
9573
57
2442
3226
8193
4360
4558
3835
4917
3308
7626
3644
7300
156
2731
9971
3281
1436
2378
4030
7783
659
9105
6368
8495
2832
8538
7241
1342
909
5393
5053
345
6586
7175
4376
7955
1257
4712
1280
9190
7499
917
8631
5385
1300
5557
7773
2157
9783
1654
1423
8572
8081
8490
9851
1496
5523
1857
4812
567
7343
6411
4496
7169
8859
8206
6700
9729
5752
365
5143
2124
8165
8854
6157
7693
3846
6143
738
1064
2110
1469
7963
6609
2980
7965
9290
4975
3063
6964
4626
177
475
9776
474
667
2466
6359
139
3642
751
8584
8610
477
7092
17
6982
2794
4048
7853
1666
4075
7074
2
1379
6593
4921
6865
352
2896
8815
8376
8302
8408
2394
2698
9061
7425
5628
8925
7714
276
4298
4534
2086
4315
4569
7743
1133
8591
785
1670
2707
486
3686
3120
6263
2034
356
577
8634
6730
6005
5626
7907
3585
5695
9428
8349
5372
1652
3193
6824
8625
8608
2968
9029
9132
6984
8108
5906
300
9580
8238
2856
1659
9717
5707
8659
2262
3212
6231
7481
8750
8594
4720
3886
326
1559
5176
7213
1674
3238
3872
5452
4014
4645
3745
7378
6708
1488
8940
9691
4988
5484
5823
2843
516
9726
1258
3452
786
6320
2773
7232
8299
3174
9307
1787
8582
1946
3354
4909
7923
7928
1715
9863
9753
8893
1042
597
5198
9107
297
2154
4987
3330
1592
9487
1727
3639
684
2253
6738
8320
8554
6536
3300
5476
7154
3688
2733
4143
3207
2605
1299
9034
4304
6061
5796
181
9572
3056
4604
5699
565
7960
1610
6692
5105
8220
5641
1089
2430
205
9025
3091
8137
8368
2755
3024
484
130
2855
3773
9557
3987
2396
4138
5780
2751
4331
9239
2501
5406
4104
2627
2868
2146
1058
4031
5812
5455
4818
8119
826
5446
339
5132
7912
2634
171
5491
1839
7657
1383
9915
6997
9052
8604
2435
252
7722
9091
8676
2549
1967
1575
7639
5130
4397
9520
9525
4646
8182
7808
9959
6343
6513
4979
2432
799
1310
4124
7725
665
1744
3136
4579
8218
888
3196
378
5193
6107
7127
3728
5662
6006
8457
7468
8589
8680
7527
155
1848
1302
8359
3927
5735
3683
8995
9684
648
2389
4606
4927
2361
2257
9160
7867
4540
9316
2090
1472
449
1128
4122
7056
6276
8646
8812
8465
6857
6247
642
9227
4429
4695
5642
3847
3046
4781
6169
4589
30
9924
9090
3362
6597
4323
5799
3080
5512
966
6234
2266
3731
4359
7137
6705
9149
2577
7851
71
1827
4838
1153
585
1657
9911
6581
9823
4768
3825
1044
5570
4664
8142
6474
3530
7727
9224
5758
3259
6149
1884
4039
5943
9159
4578
7781
1734
753
3025
7847
1247
3194
288
2922
3214
9152
2767
6342
9113
8103
1823
8040
1139
420
1631
6716
4486
7649
3888
8171
209
8267
8416
7115
9022
3838
4774
2829
8467
8794
7586
7284
8946
9690
157
5832
5848
3619
4536
102
6989
9477
6433
3383
4899
2942
2839
5285
7466
4591
8741
2057
7453
4596
2351
6994
9679
9414
4221
1190
8844
3385
9909
3127
7360
5526
1303
5767
5623
3139
2653
3620
5504
3504
547
8623
4472
7254
9528
5429
6144
4161
8721
463
251
6403
2785
3169
5126
841
3044
5739
5039
1634
1831
1601
8934
7189
3126
2011
6663
8181
3085
5909
8068
2310
3090
8082
1116
1392
5742
5702
3924
2329
6718
6122
1283
1952
9560
8440
4843
1416
3922
3450
1735
3685
7530
6948
531
3993
7988
759
116
778
2831
9057
1199
1704
2350
4473
6534
3426
8058
6873
1051
4784
6016
1902
9117
7790
4535
1399
8765
240
4996
3861
3166
3551
8051
8864
3891
9475
9705
129
8675
1131
6731
5817
4257
8024
9235
8766
2384
3287
863
8256
7708
7333
6470
4800
8138
4311
5508
4923
6182
1452
4918
3406
8781
822
1856
3776
7683
5907
2505
9595
5994
7835
310
4611
5661
2232
7931
3247
9626
2649
9632
2920
9495
2169
8435
9209
7270
4071
8
2788
1798
4111
1556
5025
2271
5092
1276
4830
9071
3813
2570
1390
2184
7235
5835
2424
6687
5301
9602
1791
3465
8795
9277
5128
4058
4382
3232
4499
2281
9716
1236
5945
1847
5636
3762
6619
5196
6642
2269
7709
1636
4512
4733
8952
553
538
969
4913
1844
1840
7346
7534
4755
8460
9841
8764
2109
7371
3274
5534
3228
4798
2192
4426
444
6327
4366
9392
5024
6970
2988
1882
3972
4210
8011
4851
7915
8353
6789
3522
6306
8115
5650
5214
6374
3751
5510
5802
4159
7711
3355
8039
4369
5096
63
2972
1309
6636
3724
3153
3010
8026
3105
8372
5538
8914
7314
4410
2056
7930
7126
1098
1750
1907
8968
576
8858
7060
2457
5377
9540
7525
8004
1403
3800
2682
8522
7427
3640
4965
51
9779
2498
3456
1065
1134
9396
8670
6564
962
6202
5238
1398
1178
2322
1918
7410
3495
3718
4216
6667
1960
3739
5341
2163
5668
8346
3571
7402
9046
2477
5895
2848
1370
5878
1686
3869
5941
2479
1333
8883
5041
2927
8802
3074
8148
7520
3206
6148
1765
480
1332
9128
7400
6322
7924
7598
8637
1099
1515
6220
1112
19
1167
6837
9284
8551
2545
6398
6780
7752
85
9359
4116
1289
9223
2010
5775
2736
4833
1975
2420
4357
1212
9167
9852
6848
6104
2428
9357
1501
5070
3629
80
9799
4307
2897
1780
4156
6335
4821
3649
8174
9383
2114
4885
6509
6556
3814
319
479
767
2625
6698
3741
3075
9825
6882
4620
6749
5748
1426
3114
8724
6578
190
153
5960
6357
511
7567
2718
1541
3302
5006
4960
1077
6211
6098
3058
7106
3183
6439
8972
2074
6275
7878
9461
1141
3205
3648
6448
4265
2934
8599
623
3250
9078
7828
3653
8406
4280
7147
6013
2234
8237
8306
7460
9985
2926
6059
7582
1114
167
1101
4207
5152
4689
3672
4136
8398
718
7306
3655
9148
8987
2239
9063
678
9844
5966
2403
2054
8382
7176
4234
9162
5399
9574
976
1820
5912
6503
6380
4484
5886
539
1021
5770
2964
6312
4760
1037
7809
1421
89
8337
8172
3109
7768
1513
7080
4715
7318
8723
9956
2836
9862
3592
4992
3966
4937
1434
622
5861
3476
119
7085
4211
1015
1935
8021
3351
9807
8997
2754
6496
573
6682
5547
3065
3709
7885
2940
4498
514
7724
7375
4263
8190
3570
3356
8617
7496
505
8319
8809
8648
9636
5729
7206
987
8576
600
3992
8451
5617
954
7059
2984
7217
127
8772
7396
4766
6680
5806
9102
3820
911
9888
5634
2861
302
8259
1408
9695
3092
1449
4195
6726
6628
6568
128
4552
3049
1400
2643
3307
6955
3786
9413
4938
2101
9707
5248
2871
4911
9558
7780
7644
8871
9769
1459
6734
5185
9948
8573
5964
4415
7231
6620
2085
3532
8338
1917
9358
9834
8471
3496
2025
1692
7842
9314
8852
6301
5305
4704
6888
692
814
6206
2147
1794
1505
7792
8856
5168
1349
8982
2339
3712
7921
169
3802
4308
3073
5882
2028
6802
5291
2342
2471
1548
4024
4163
9069
4628
3904
686
8201
8678
4718
4002
2582
5991
6464
9543
2840
7299
1067
2177
9583
3626
6762
7589
2288
5937
595
9364
4347
3756
7995
7986
2141
9080
262
8411
6105
4902
5647
4215
6116
8417
7225
2715
3163
8861
9719
666
7411
7134
5104
2003
1344
829
7017
2611
1597
6539
1377
6063
1621
8626
7749
3427
2987
5063
2775
1899
8503
6944
6704
3414
5272
8086
3921
2506
9983
1376
5279
5427
5810
4289
4706
8464
8966
482
1239
5260
4934
2470
8052
9920
5659
2697
655
1093
6299
5569
4931
5107
1680
8369
9246
2776
6651
2554
6977
5778
5313
995
726
7103
5074
4237
7249
3720
5303
8534
6971
6765
9955
5374
7301
4582
6164
4849
5929
1198
3903
6334
5632
8683
1726
6714
5574
878
7022
6002
9845
7997
5700
6271
9649
1360
8728
8511
6538
8334
1968
1604
9267
2001
9013
2461
8456
4983
951
9404
5362
5018
4624
8729
3121
852
9509
9388
5615
8843
305
8616
8167
4355
7362
1145
4633
398
6565
4951
8897
9798
2401
6828
3361
4046
1516
9958
9458
5761
4797
6466
1904
3784
9064
3561
5069
672
9112
6840
681
5790
1261
7045
9576
6987
4421
9539
1335
6618
2559
2078
6459
8214
5330
4322
4439
5610
4106
9941
3870
1018
7268
8211
8586
8420
9980
8102
9869
3335
5598
3498
6087
4141
2635
40
5671
7684
7003
9144
162
4220
6631
2145
3789
9615
218
1440
1747
3099
5625
5548
2312
8749
3917
488
8455
978
2514
6392
7152
1463
867
6066
8380
4852
2933
6435
7546
2793
2523
7932
434
6931
1934
2358
7894
7038
5731
6117
790
6799
1638
1830
298
2948
7904
2072
3747
1055
5543
1091
3005
5947
3144
1953
7245
141
3926
9564
2367
5531
6018
8023
8990
4836
6574
1785
6268
8889
4494
8918
9996
8649
3873
8186
9166
6871
6487
2665
8014
9567
7913
1056
8673
3013
7998
7654
7745
8370
3559
4309
6514
1187
1457
7229
8552
7667
7272
7332
2377
5825
5062
8325
9478
6990
1707
6522
8853
6912
4737
6981
900