658
209
868
238
193
100
772
821
370
231
924
897
666
36
239
884
159
529
506
99
561
361
441
987
849
162
157
589
277
185
912
646
972
278
168
735
347
745
785
21
437
725
144
955
374
357
166
73
812
907
705
704
616
829
973
975
998
97
448
254
784
649
624
724
789
426
175
389
976
491
30
372
9
328
266
894
678
911
331
550
194
269
609
375
574
134
120
385
653
593
960
282
723
471
494
545
131
956
216
155
211
281
383
896
691
834
923
625
381
138
481
274
790
251
855
492
576
530
495
569
971
392
173
830
944
445
298
575
590
633
662
619
125
52
718
762
517
299
935
464
433
158
130
687
922
632
182
394
536
227
191
244
801
886
941
714
577
249
719
751
942
189
393
730
382
49
482
489
139
141
176
771
402
757
999
648
487
126
753
727
842
699
562
874
38
480
291
654
258
122
770
895
777
518
118
693
928
466
845
732
401
808
352
635
917
752
351
840
776
657
603
902
768
181
984
223
248
604
45
865
675
290
695
55
136
796
350
655
321
411
478
154
161
676
225
59
207
309
521
371
881
377
307
459
913
212
288
568
399
595
34
989
794
501
540
608
511
872
214
681
326
213
940
116
931
364
692
25
167
493
629
516
473
851
825
716
877
308
748
893
996
396
766
647
786
457
149
172
270
5
163
323
15
677
388
316
578
454
534
838
782
313
761
885
314
255
674
712
427
618
990
215
883
354
708
520
690
469
369
982
713
966
119
891
875
221
613
514
995
280
636
862
18
46
109
356
673
660
418
542
986
505
43
919
195
837
206
241
360
969
750
205
472
668
643
453
123
44
863
502
549
75
178
554
485
959
80
8
12
965
742
870
373
24
910
447
908
890
988
414
283
900
65
628
738
114
843
799
783
951
434
567
824
787
198
14
936
262
544
86
621
353
541
547
416
831
140
937
444
484
324
599
50
672
557
219
403
857
332
512
150
346
702
827
961
359
759
13
585
88
584
844
811
456
340
630
612
656
458
22
850
404
26
909
405
197
509
320
334
438
968
817
386
945
813
428
343
344
11
869
400
10
305
170
192
638
89
246
500
720
467
880
2
293
539
94
333
570
20
700
58
452
35
443
598
927
820
775
432
963
858
669
301
78
528
440
899
160
645
1000
435
188
689
407
663
688
734
925
329
54
795
854
906
338
839
805
276
474
756
791
204
606
898
380
525
450
186
87
240
85
810
983
537
904
349
391
242
788
564
237
994
686
113
32
614
47
979
703
287
142
31
368
556
985
208
465
224
586
366
798
967
758
230
409
533
342
650
7
510
559
132
722
916
71
905
560
325
311
56
497
992
341
171
4
833
587
107
6
943
318
592
582
104
600
739
555
423
594
715
914
856
66
741
921
665
773
532
696
847
958
345
252
947
814
507
852
431
398
16
312
226
111
143
152
62
832
711
572
926
424
607
740
348
72
513
543
746
864
91
701
639
292
378
294
780
117
23
873
183
682
179
79
815
306
61
767
63
315
803
698
948
563
553
670
339
296
475
737
247
462
83
903
28
729
284
148
610
129
626
110
522
932
19
611
256
422
743
48
245
69
981
297
236
271
684
430
53
17
538
950
455
503
84
580
358
164
946
524
300
82
95
623
310
938
468
218
187
101
953
818
774
866
949
962
861
697
809
180
871
40
519
605
853
836
769
566
597
135
449
406
504
535
165
98
115
384
876
250
993
57
362
29
754
367
661
51
442
952
408
419
644
627
229
337
60
263
124
201
387
683
253
425
439
548
546
637
823
273
664
267
460
779
128
860
709
846
417
27
749
565
980
322
888
760
222
835
859
220
747
763
929
498
991
601
915
286
781
819
974
694
146
137
76
68
726
710
108
667
641
446
797
243
105
765
96
3
731
736
793
918
90
477
41
410
651
652
496
93
515
848
642
81
235
190
804
64
74
499
717
415
355
37
153
106
39
196
42
490
671
330
228
930
685
233
778
964
145
867
302
451
275
470
127
177
121
319
203
527
151
706
892
259
882
841
67
954
397
591
272
147
526
889
640
112
92
934
289
583
615
728
336
103
363
978
879
488
174
390
265
800
733
327
200
479
461
376
156
260
70
285
413
429
826
755
744
1001
202
476
257
531
977
551
133
807
552
508
232
295
588
878
997
264
806
764
970
210
317
816
792
581
395
602
631
421
573
279
169
620
102
659
412
523
1
579
596
268
887
304
634
335
77
828
901
617
463
483
379
707
436
199
933
957
33
365
261
939
184
486
217
558
679
822
920
721
680
303
622
571
234
802
420