1 26.129157544320474 69.75078196214494
2 71.9502740111066 13.06469440691517
3 208.65942618595855 270.7250734275208
4 199.88340576016077 223.17229857220875
5 189.43799003141564 36.453613584330526
6 21.184240379807033 156.6485161512367
7 262.67597885795055 92.03084846290773
8 3.28298061602397 48.647787247817725
9 120.8965354175616 283.6189660306556
10 147.87218873406567 315.3176742354788
11 379.9243011076227 147.27545211206842
12 27.945410063358054 0.07237321355140414
13 184.73122599207744 134.63566889843005
14 14.047370400249443 305.5960071992431
15 201.60417371521672 269.37864175057655
16 16.692316317219923 20.404681542719867
17 117.9675145240808 105.75518206907523
18 440.08680721312226 119.13329739191002
19 363.47751220755003 12.659990625177727
20 186.5680570629926 14.649901986282536
21 329.82387052198925 93.09699379438956
22 160.58807913954038 40.377682866835514
23 0.22830096085106621 261.225190876045
24 56.84849880916398 59.609705651256725
25 135.9968414714788 112.16882098012239
26 136.0614372516372 356.9465777473762
27 19.83498267788127 70.67198114021538
28 114.14449613630771 46.7132079078638
29 182.5052307025731 0.3001038419937829
30 231.33732475050724 100.74352700555822
31 155.2088294498147 102.11692693555416
32 253.29522184516495 257.20046027834866
33 106.84533197591101 59.3797951612555
34 29.3358012888312 465.18442719223094
35 164.84808404027774 86.86231598413416
36 82.97459284517558 159.55954769719466
37 104.56443272598806 326.5587499959125
38 30.151227899636307 36.28968537931571
39 146.05709506889434 85.58207993011455
40 173.54980711764168 19.115210288249024
41 107.13322184972026 10.899450347141062
42 122.51421901890284 289.2762448024595
43 206.61701259146966 164.39263112570944
44 253.88545680844464 178.09750311510493
45 25.73666947924311 23.179574049732746
46 231.42099680234273 153.40310392505984
47 210.58483376786927 158.9679539238872
48 30.53271493598721 4.834027093772537
49 176.9777636302402 90.0908766266118
50 220.55551796662792 4.477445918592157
51 288.5732477826397 343.7951565646214
52 202.74050102067025 171.45074664666745
53 199.82222477649265 25.041412790475796
54 110.96378945056982 54.41501432261784
55 28.435101641734974 96.18984582861783
56 99.51823724713542 129.5004947744023
57 86.08184148581121 22.1082464377275
58 265.8412482011164 115.08817183424634
59 78.22094016672223 11.011276690166259
60 208.15120182951625 164.0701059470371
61 174.0835682387487 78.24388011608467
62 317.78658828981156 0.09485317439735264
63 162.2597446258611 2.2707148547544085
64 192.59308136577258 164.44718080600765
65 24.078666712659967 228.68150188362898
66 42.669964200900395 150.95172667661365
67 48.76697062739699 309.13095105309384
68 416.18525978414004 423.8253185076925
69 1.3094962302796294 147.09971364695463
70 22.875021563575203 118.51515491141635
71 7.956255011891155 177.05949083763932
72 106.16924470648912 310.4929144460825
73 7.022249361254656 188.1649542036508
74 198.234570675138 128.5551340058292
75 20.970266444719826 14.382851977594978
76 8.210124727046562 25.25801588760648
77 67.55382247358136 37.38265063978419
78 302.5439993678434 148.3981982570772
79 101.31883182695414 75.77747557650842
80 93.15071347547648 35.7117210846091
81 63.769610587100416 9.73337032379391
82 54.66416010216148 198.3123083204188
83 101.80092638445089 221.7672003227401
84 69.03085109398141 76.50116156642426
85 27.572514855638467 5.497671193062386
86 190.42657280388391 270.89028281711995
87 40.85515389389898 1.3526695755669507
88 71.97463924229459 0.5951614482418779
89 146.32486432144927 159.17280140817562
90 54.54625493976959 5.342412004655966
91 7.906921791241012 47.65788453725343
92 94.2784607728858 385.52767793582586
93 233.50320791099352 407.04939173723517
94 34.608750755040916 3.771316119707357
95 29.747740903721738 59.14529957808482
96 117.95960492497682 13.080277069923197
97 251.87296994218445 7.5487947722028945
98 64.88601082562202 89.52872348506799
99 71.43588541062648 28.155022769380114
100 12.59472730458659 247.14918650831513
