1 0.2897375704536156 178.68005202226314
2 315.9178737174309 68.10344387585988
3 219.23133069709394 9.368484598234833
4 30.756192221918567 70.14674651485552
5 7.958496074757507 63.97263208606783
6 225.19427292846683 30.623271957508305
7 15.181688178297772 108.80161108557274
8 270.3537408184085 146.2803740949676
9 171.32049858947582 120.31605967085706
10 4.280302159744443 77.36413220092355
11 68.59074284973813 116.70910230430192
12 86.56039851557586 57.85464118096067
13 49.91194701848607 279.6031327810357
14 351.6485992639734 97.30880778292283
15 232.56077399685336 53.00491392352118
16 89.41475047825529 66.67791523745406
17 143.1204512572977 227.70871514413878
18 83.27138581716942 5.822502138930572
19 67.22493377495255 477.8802866867702
20 2.0631464941649575 72.82266080235746
21 31.91249301390682 297.5637272951784
22 94.27421415371168 67.2079776179228
23 398.7086443898957 294.62717427222344
24 356.5531750375708 76.95220464402074
25 1.415124596398818 139.89463158608305
26 9.659956603853637 19.74508020412641
27 123.90098522791587 0.1351507395767353
28 283.6862620325129 169.702909704346
29 55.234668071122904 33.687242924404146
30 32.19957858093048 125.86678389854087
31 64.90853944442883 29.71760230745297
32 119.800305889979 46.22352968345755
33 108.37998031655381 52.940477363515996
34 0.08222878176406323 40.88468632038785
35 10.173688865948785 173.23072837969121
36 32.731801203829384 43.57202557200538
37 268.7374844181712 75.48334145447738
38 121.4523011197669 80.94686002880022
39 330.76068398264465 60.16422766849316
40 265.56596835793454 27.53673208835347
41 26.731906817534043 311.9340105180694
42 24.67989589423248 63.855945581977565
43 1.1351955604385422 191.75013665031747
44 339.0160294341459 307.3052913385589
45 74.86232479024427 181.42682848033098
46 43.05326445501235 0.47737864171877
47 368.33919208410185 151.84141078821628
48 131.14112367670742 297.4009596233526
49 141.19777544512175 57.17123432625712
50 153.02896681508435 41.89309963260445
51 224.87814453127348 93.2420579483488
52 51.57510675959549 161.62932659879286
53 48.32845313804186 133.2698145395838
54 90.70283366942739 99.80107216327816
55 321.21542163664196 5.360069091883987
56 17.29670831775556 16.311819344685716
57 193.0857975493569 25.401715865869043
58 0.07211355421885735 137.32258536093127
59 56.06786642061975 200.00608708701847
60 83.07517706443261 14.46376405279256
61 36.55110792190884 64.18986948998915
62 88.11724351758753 38.41243984182905
63 104.46539106892173 9.047799407491336
64 110.723399893578 46.632752977724984
65 11.510075543612613 116.201033359985
66 123.79737885175041 353.06610314941787
67 0.0 41.980791945540936
68 148.2532907403912 194.86934007943927
69 84.01762241952066 29.459845063487514
70 75.29949306102121 121.30137777277882
71 9.849475100936187 75.15687410438531
72 142.6645286036434 236.53857977775948
73 16.335760389065392 118.98159894135358
74 115.9055104952572 262.0344681893418
75 150.72686831888646 113.58295992749176
76 76.18268942829604 106.40989693400866
77 70.55739225816693 63.08518254345851
78 299.9146215446674 27.211142345776043
79 174.51648095154817 123.45152098924443
80 182.1786759503741 55.18450282814189
81 435.4379421478372 70.18846397207783
82 29.351558719210814 0.0
83 193.53068584854415 39.66776661483397
84 19.796787254369356 39.98489581177109
85 312.9027687596824 312.7966198085443
86 19.81089247250266 27.12902966459072
87 95.33928577149366 131.14108214737252
88 288.2996221576576 0.4708932257470998
89 360.97894805960266 95.14227753388062
90 18.69623620767022 151.7097731065214
91 243.33561446840625 315.8441709811851
92 176.6067374197979 75.34444793990465
93 144.87371054866347 68.82086862696202
94 386.06023808779423 59.9947704554281
95 9.305147547712918 49.97868272717473
96 166.4891620136989 2.7596077705712125
97 72.50699668088788 136.22822775050986
98 25.682892742170836 112.17097837346057
99 251.99365239459394 190.18513427085068
100 25.023048131848057 135.83268269861227
101 20.947595596215148 11.813191804829392
102 333.96222589117883 25.838798614202265
103 109.6795078259702 7.976072207525964
104 19.856628060847935 293.5179403007314
105 0.21018689153651748 294.57102645310516
106 139.93255225441132 128.1063102454105
107 24.544156557657132 124.92400344558125
108 138.02687559779554 248.2533317650807
109 9.201344529175168 67.14791008150904
110 1.8494866593213768 257.16974751211035
111 254.8556109523267 6.018268143654195
112 237.62023729410507 80.97571695807324
113 169.1809926379647 168.59217824768086
114 148.26617579913523 15.999343439393565
115 167.0923498560348 113.08982387687956
116 59.23561405865306 224.54257718905424
117 292.6012614321344 89.3395357209951
118 24.362977012486624 12.273329434771748
119 122.75492650260297 89.33093594255571
120 110.1818687779291 279.05374496679156
121 10.913784589099425 199.8153598213698
122 71.99929311724428 163.18534831895673
123 174.75422540333042 203.2518584229906
124 1.4987146376665135 162.33910347549826
125 158.92598112342247 47.24726705625212
126 331.61412517108386 63.13751071522424
127 282.3192913217086 19.779421612623594
128 207.54274269213104 137.71497018817206
129 233.17862449967978 7.697470222820373
130 344.0985182743677 63.46207927633029
131 359.7004532708004 138.78929438059137
132 47.82432084811644 34.39271482592447
133 128.876055563566 108.74856019652016
134 331.40176476847796 240.8563236082633
135 265.3851953539243 18.09600533009178
136 8.711800660265826 248.02021324945622
137 92.04805604152729 160.1219914827197
138 20.39821843333577 14.15520415372423
139 69.55210107200605 213.61866592411718
140 166.02807790154412 109.66115720998374
141 138.17209333200225 239.33347567642858
142 63.659074269450116 57.15734076505954
143 134.47598933842113 31.11202675546674
144 71.0019396629106 58.83596977692085
145 271.0301872251522 105.78477479321542
146 283.44669176804535 374.23252795666076
147 283.1908335833101 324.85937528001085
148 58.270826105093875 224.08043480956877
149 95.30449619618196 107.66522298811095
150 28.057696179354828 54.726244823340316
151 17.902854912258874 151.97367418293726
152 344.2289655423732 5.077021222955559
153 71.71806617777335 18.34272393461248
154 238.65486576325037 31.859944618628333
155 201.0951461433561 264.7177550926382
156 1.1942772985373498 84.20999188079949
157 370.2466718263128 84.35409570330478
158 2.2243009310318995 218.42982136208673
159 54.760924136743206 40.792036818716845
160 5.755496617832768 36.5382094788019
161 107.99461887821464 293.60068687253255
162 20.13697212537859 6.837239398196079
163 64.26534824512166 77.17845881632849
164 14.957354702008406 26.7043443263177
165 90.52206669293871 66.25176322713212
166 104.1972037277408 19.453649507992786
167 210.15912547543397 109.11075996381395
168 337.1922876948979 109.16563418710963
169 75.33159990538347 25.034257932220743
170 7.847792459333903 18.50003175513575
171 319.19227874983517 22.79067833772068
172 198.09884722002974 333.81092771512783
173 71.69374063849762 42.334538326090495
174 113.2647388490196 5.521254500950288
175 13.154522809043215 179.7171256304738
176 74.71242303578967 59.67347350701375
177 326.0423547325058 157.47359491538836
178 91.40962120275869 26.343061895463237
179 116.76424016769556 18.65522890646407
180 293.61269832347233 8.899965323594941
181 190.69534940565856 13.612509427489357
182 34.21628311184082 2.5562099263980143
183 302.63151932309165 140.58881440802523
184 139.18966358421883 229.58561672328193
185 86.46411944349559 6.370581140457113
186 2.673328497404404 261.6945013990767
187 221.99897231263185 28.26677986558448
188 117.87579430184518 54.07744573748095
189 62.29635398812615 91.6392667760127
190 85.12118664278302 189.57068405378914
191 137.86832464872424 270.14400002365835
192 105.91065323227743 158.85660007632512
193 76.70447105885063 105.56890055649126
194 260.2034471090743 86.21061886824869
195 46.92989390778452 38.76105016707433
196 168.21639800173966 121.18744674352861
197 331.1258902172281 406.4267622906656
198 404.6515325151254 12.816347710132709
199 18.72734418456408 69.04145532578642
200 12.513620848685534 310.72440418555084
201 3.2703296491343994 176.024392836033
202 318.9830977108338 1.6794835637536925
203 88.73607264146486 19.98895923360653
204 446.9744133089765 44.11009326981383
205 158.7779246619656 121.1888284155906
206 1.041428108499423 283.3709715377423
207 173.99026690183 130.78361262192502
208 230.86185991741715 24.096668082321628
209 4.22520545861031 85.43676886194895
210 66.97901920836337 165.94587133860824
211 340.3690015527407 95.23607676879871
212 95.06792506632551 177.99119535127176
213 203.06234598123572 71.29004604515269
214 119.82765122970993 185.89100798811546
215 288.8645916228656 247.76868060608103
216 356.2341563778098 275.77475350182095
217 332.3824524762791 119.25018789912862
218 295.89055362710354 246.37585807665536
219 21.90514806935004 100.93728885897818
220 97.1751003806908 97.78467289040182
221 19.90612403270506 61.27479303712021
222 177.3567038691178 46.457646887377166
223 135.47348097733143 134.44409615451016
224 19.607095380643354 36.21105966988007
225 2.789462565058475 61.54682309572092
226 171.61575679631474 121.60237554758768
227 357.27576926694417 356.29573006095995
228 423.3398717934992 40.302634971387654
229 153.12953954210477 88.43214015387042
230 387.27224687357983 329.02183496367525
231 49.070082443248204 63.42565783455647
232 79.33559807352935 121.10476920268667
233 7.55082479969248 185.30574446878327
234 264.9759318610353 153.07555108247837
235 58.24040009330683 60.351167615440886
236 59.69794601288226 28.272269732202723
237 164.1577627334822 64.76387044154006
238 1.1820581443822786 207.33096380391592
239 378.9327791041068 11.609687364778106
240 287.402490330646 23.48761054907478
241 3.2019458655947606 66.73035700080074
242 29.79494275839363 136.47260170329577
243 23.331656464721636 297.83418810613256
244 10.26532418102607 276.5522268358243
245 400.16722681137776 163.08088004300467
246 137.02753695773686 19.03994631843522
247 121.7386223114344 249.27834065093597
248 3.373641330215493 54.83578213250306
249 7.208662510730713 71.5391336021562
250 37.450350505187124 187.26078783052392
251 194.45500312215435 219.38832145712175
252 82.91508302332463 93.97697074705017
253 18.84071751151126 33.4508256831906
254 201.4837277711294 0.0
255 104.15183615180332 306.08544672756204
256 11.341297001885248 6.697455699137092
257 14.926612300299851 22.13808297584048
258 97.27728008934182 5.159435738640657
259 23.938281068630083 12.752625194651127
260 231.14694198197316 435.2789898942463
261 42.12460986635969 34.799715925138514
262 387.11181884736675 16.58608371726314
263 7.572219351717419 63.80641881715471
264 13.152111048192559 6.480518343930806
265 378.1032769658088 59.10825029897127
266 73.19704164974584 383.54114756732
267 114.49265832894787 91.33697385030827
268 1.159997742643215 11.39409633463144
269 422.14236968507646 222.0580131205892
270 93.88711603947957 11.866744196366419
271 119.8902886304761 0.14999909944473133
272 23.16763055556009 37.47649014121758
273 250.98084181743044 148.51852094699086
274 70.45311418436236 10.960042388119081
275 4.745095732153707 64.38721127302512
276 434.1131595924697 24.246244371271402
277 116.58025743095314 126.81270797027801
278 209.2566329313334 93.42390231424416
279 41.41633414706477 227.8163799044047
280 21.99824034150107 160.26548617257018
281 215.49623322521728 122.77161561722363
282 54.06355028643313 84.5897048235416
283 46.390741771849534 124.50826621254424
284 17.158413089756618 252.31727789977856
285 190.80681565744757 197.12490781183834
286 27.906090899085086 238.86517822703954
287 213.19763859247274 266.9959590670303
288 75.82883288826022 230.23240132758085
289 290.726556600067 64.98023278439695
290 83.39087163043453 40.87018927291825
291 232.1473360866645 13.798316067864263
292 218.48628341509175 117.3516542085045
293 90.50569199250057 80.49383194880544
294 165.63970127225346 68.35969765526968
295 43.259982034800004 111.69065821299002
296 48.794007705129815 318.82868464788595
297 62.604000741963105 4.9715376369878115
298 64.44457824087964 31.34548967329763
299 104.95483993379375 144.09282620698826
300 324.9960786853539 10.821275801865289
301 0.5632842160224565 42.54257514436515
302 3.2268020079237623 35.773898228782954
303 94.26542777459552 66.08343347843582
304 241.35721471560717 28.958026041770285
305 40.30319623108056 52.366052864588475
306 24.171312817194263 214.98858521313682
307 24.555799597661444 79.317744162935
308 186.91550545612918 193.74806116285865
309 145.34454487845204 67.05340626633284
310 450.74688972267387 99.62349307016622
311 159.0310924490287 211.16295775575065
312 308.97894457428356 33.68915028095554
313 219.1441907237412 0.0
314 371.4744627190258 32.29466727464502
315 100.03977712805889 34.3387279747721
316 17.20115444760882 164.39569683244264
317 289.1112467122192 30.09764795983787
318 5.280908158185482 23.60198566631667
319 397.7922777709774 317.575170795005
320 263.0292418302802 22.544472553797686
321 168.9348130002993 123.7550379497682
322 14.482609572954388 37.742047631531534
323 381.78362169486104 40.79662984172264
324 247.56804128777836 34.82559962552644
325 22.860546303027274 114.50980831996851
326 202.9234877816103 112.94288510294432
327 224.54051291212622 199.87655073409223
328 39.713296890107934 141.20547397010466
329 333.89271003122 69.62519023358051
330 88.76272655782842 56.90819427976554
331 108.86489348420845 30.57965206863579
332 141.9443124701542 164.71525455660208
333 11.53394980276769 146.90881861863994
334 32.00746468401828 35.72911194072228
335 375.4655750103656 268.6282125554216
336 31.356949117321978 114.59383534854314
337 71.11884086013244 116.47352388614367
338 27.961885016552593 147.4699753809016
339 140.61675968659415 138.53610363397743
340 129.21979522621766 377.02602288328507
341 1.57708041015661 55.45619179149589
342 80.85781337588642 91.79378919416455
343 326.3718730286436 67.5770364774018
344 97.05440855384225 165.4467695876275
345 56.648763291108324 114.04105942340098
346 173.34655918457193 292.23062442026526
347 48.64624376027453 64.64129983476941
348 148.34834657217098 16.556416340333694
349 155.70771979453858 63.55215454660625
350 76.1568512882547 165.430887558966
351 64.43481235273362 2.3211354201587286
352 361.6843875825311 48.86739262925547
353 0.5645105502410019 3.4597369063009067
354 51.9273827861155 10.16092284868066
355 302.10033253924513 45.13418885319764
356 3.348837069289725 173.21127801756805
357 49.50114440430958 38.1305345862262
358 48.461187599127314 200.19338359379418
359 59.01880415275805 192.72915391463584
360 432.88707527803405 0.2766795928673841
361 140.2177120738562 3.060001537627604
362 2.5542556667297323 17.747037258555462
363 88.71507470166706 257.212041455368
364 100.49885905724416 16.52750374567055
365 215.83919678860806 115.2943728304441
366 57.28467633731607 66.69230590505046
367 6.388638777516814 78.27339464014511
368 178.58442181876407 125.51345762516951
369 1.6546112577750305 136.32257906882077
370 155.4192983406023 194.40140731187392
371 81.94102169852798 146.90844729294136
372 46.36070091941817 275.54883555954996
373 460.2566474568369 107.57978410850568
374 7.859587537047069 131.0214276590164
375 67.56604191173972 18.881144903818235
376 27.873347187073612 19.220387774972597
377 105.5306734984653 304.37341152906345
378 112.10269507372668 41.54819933534614
379 175.02444313106201 3.272096833646705
380 275.7443215657166 82.01103370524643
381 43.16510600313732 147.86041472660705
382 55.071784006418916 100.99470825365327
383 136.00107733937054 287.12577212394626
384 188.33141255440833 161.39185092974964
385 187.97804013337486 206.71542425050217
386 192.77197384681685 34.49508062624434
387 20.98123791534064 17.38637225267278
388 59.4729258461424 7.626945693682085
389 255.0019429030533 237.4938234839829
390 20.222813792354447 81.83646657138647
391 149.41323349785213 17.711705191407532
392 139.97809184764193 134.74502918997942
393 171.11812218282384 430.5221970811094
394 41.63421981225062 241.71872940071785
395 100.80944538338355 60.3352507967121
396 84.2012967461345 49.37018235612367
397 20.976606076346037 285.6950976654675
398 147.70747681077967 87.74350853683602
399 58.132389028400524 358.26215099891033
400 4.837676594667862 47.19795261965161
401 45.90033845289572 265.50364946127485
402 236.87236036822827 173.4123217386656
403 53.442360395054266 165.84592021902307
404 35.377254475934606 143.92648719322955
405 302.1349169658803 0.24528331412000126
406 47.18494755563806 122.90394748809601
407 99.07048026910181 149.03333058229464
408 288.35182028620073 345.62507699264904
409 74.19991796014178 71.9153783935233
410 374.451029815166 169.5676799338109
411 8.155399956892314 83.86141164651026
412 197.38391606359846 265.30444051933074
413 28.613027004718557 20.24498571198692
414 60.111054114610745 38.93742095660597
415 30.23343188679398 183.84554641658593
416 183.68490961354124 115.49697059393363
417 29.09824312641404 98.21185773810429
418 0.36128341510776973 31.974175886708696
419 23.212952272940704 134.53480481215811
420 2.384458668972046 31.53012006542607
421 10.549324527173876 155.979482645895
422 67.90676525148452 89.2170661990285
423 323.5340362368716 325.9494591430119
424 305.10993712727475 113.80828394324789
425 35.76315571278586 170.7159966426746
426 4.148705865773934 235.3239356425933
427 166.38136508329544 376.93442174649203
428 263.94586812194945 69.06392155246897
429 69.65463158453518 132.21291431238788
430 131.38435028651404 237.93225092048962
431 142.07005413783597 145.20452679111855
432 27.062683413406766 438.80783989435525
433 272.2990474439553 55.579098284843624
434 88.27140865627585 183.89043939569996
435 150.5705350220647 99.35416587192621
436 282.98172359056224 22.65415064115736
437 132.3338647651973 156.8057557309447
438 27.617365785070277 180.78939211619297
439 50.95832414083793 81.30675961206424
440 66.42546593595165 162.37399131844197
441 217.74432731603787 67.4294657660536
442 194.4606978702346 16.428723274337706
443 205.07714714266206 57.88887441129629
444 48.5488254777256 260.59583937128644
445 200.38487860279366 205.84213774274025
446 7.352499706544078 5.783070891834966
447 0.4481731537623803 45.25229671819041
448 103.49403337973804 211.91653751881725
449 201.16441717779003 137.1779333502518
450 187.78744599064237 111.15340859136784
451 43.53623019962097 231.96215862556494
452 1.445951072656404 1.433383965796657
453 415.08780542665863 207.2821064684239
454 2.776212996916137 108.1406283759257
455 29.795636810031258 18.318334735839997
456 24.331201198402226 69.55356218947998
457 93.65965206029023 6.884168189561289
458 108.8302738514409 2.662295211953822
459 133.65532227611055 7.496054663498184
460 23.641552550724498 42.78741711200759
461 149.5013265733676 9.600060042771853
462 203.3076141626745 247.15484408612218
463 83.3006721211555 11.709544096033884
464 233.30321320088672 56.45099016583897
465 186.1134640845311 69.36402364457655
466 67.91045153382754 29.20998192251365
467 51.86946949723416 157.0080692523681
468 253.65088940668056 95.54137630159143
469 281.2596000902456 161.07675702852188
470 9.837604404142697 20.69737079501586
471 1.8075862679179269 105.3574013340583
472 96.24172405898636 83.58653729245216
473 23.84945547861968 177.95097218497838
474 117.81270904629145 224.9412000253703
475 124.62620068086747 155.35792052830936
476 259.5271430993958 11.614910675985724
477 49.301318955877534 220.9193222364529
478 6.761686534486394 314.8799757363133
479 167.47587131647066 51.24063635711677
480 0.9793561139168083 38.007116573922104
481 61.761304647579934 321.39522712455164
482 12.244749750206873 390.6259069095241
483 127.65764765397513 150.6412934380014
484 398.1370472359547 188.1980392761991
485 41.18349151756402 381.79280863863204
486 17.802192319175838 204.68426474752962
487 90.2104341481917 241.79421050847344
488 132.2951181970172 28.824970896913214
489 212.24520403418893 353.26983637026586
490 223.67413537773777 7.305010060787884
491 16.946480796583074 169.0688838295166
492 35.719389960759344 40.754904601176
493 120.25851599197601 7.168533853636007
494 236.32592220760912 102.63765063984866
495 225.04814616812791 14.87236391550319
496 150.16642104526787 32.08196916857889
497 41.49838826946276 14.885621182237948
498 114.06959070412726 124.85264875117315
499 393.8932597876275 109.31297000541349
500 40.978421903241134 2.9431054054855914
501 26.991508314777008 134.59904305278278
502 393.8058365344246 392.16099178194565
503 149.31018188875422 40.24374985482057
504 180.07452915204564 4.609987248839406
505 210.8334224371165 251.72689904228022
506 40.937494329678294 66.55999928262278
507 163.99637329988667 46.37405937887762
508 14.919865419124926 55.89545432722188
509 11.278560080007805 90.16334745733556
510 394.2796952553394 182.68672285463816
511 344.750320869696 68.67999871472001
512 15.066397067071053 37.50270203122624
513 52.69211370615596 75.4347019229902
514 10.59955741802592 50.08207444115881
515 37.29626701599489 55.248513021700475
516 20.23684938752149 111.2961039482721
517 61.1951100499922 45.46590216921348
518 134.93484424316077 56.02329529868863
519 159.8483065431644 8.39235957113764
520 8.631950699163571 18.44888599003962
521 43.51537334860932 87.95863046112233
522 28.30207863716917 13.368128011473145
523 120.52637297454554 73.47206577817252
524 11.80191732197267 194.5858218693084
525 77.98655325729055 65.92967303907753
526 174.2717358628726 23.31310741172067
527 273.0213715670748 164.5489820304738
528 6.350206299209404 263.47676252202666
529 344.28696886570776 10.097425596902472
530 194.92554894497172 231.7665104691479
531 258.29478687070326 16.63574525355202
532 305.5171008045643 52.66036374178467
533 48.66122710405963 26.703400804138468
534 92.87612854467523 53.761954065969164
535 3.864917446180459 55.33987991888816
536 31.219761793438636 20.342230671668496
537 186.53810242719143 154.40139646927318
538 12.178882710787507 36.983121617703475
539 214.84133846958366 258.0604517166469
540 172.73773896841752 357.9405399479787
541 52.78350769397344 109.42515763556756
542 143.52221305561116 36.2990034309249
543 168.5969648772351 0.2514839197415748
544 1.51780490390209 25.36110317070748
545 121.45134715726589 98.15778611869634
546 319.80969526669276 88.78487727228811
547 242.05590387382594 1.040116852354055
548 72.19117228887545 112.44763251342472
549 8.134415605508535 30.000241764960023
550 143.71249848142307 1.3128741813721376
551 169.15411392885025 462.80307942673073
552 37.66771427312558 9.13479173366132
553 130.25302754636712 179.7046701621712
554 31.48992614123776 18.784343927498874
555 167.07228865527946 323.27750902418796
556 57.32557182054521 161.18870945941526
557 90.20458880017671 165.12850425122585
558 42.46180935223121 48.125794126251265
559 10.090418024257833 89.10471510128187
560 165.43468956585463 307.2358696105728
561 94.05500210003369 66.93716043791441
562 47.587374852212754 6.882438093618131
563 77.62042072690603 232.31665055077676
564 64.65585412112483 185.90416119614096
565 248.38181806592263 36.61361464223005
566 252.97321127656073 78.65268161490985
567 326.4388371833465 9.72481361604095
568 40.42268586691948 13.781149813894412
569 71.84891448050297 77.87774769528463
570 199.46635194221136 46.88176911741024
571 8.303621122077422 136.452708133261
572 314.07193042647197 285.361536816633
573 410.57901471079066 31.4881655243609
574 46.70395743271609 249.9031189486287
575 119.36454858965196 17.636041280414734
576 60.28961415268344 28.286914830457025
577 254.41720509121757 107.65649730821114
578 7.664170502346753 93.28474693173669
579 9.283623604638784 288.0773161723953
580 75.8393595768442 95.22727169579659
581 128.64125333751647 222.52085929586684
582 58.25803995338701 48.19568854115262
583 107.48261691641815 196.07260745222771
584 125.40429781458772 210.15386623480745
585 48.89347477370183 16.12746028483744
586 53.05385475191698 31.8401749230078
587 5.43881583163756 103.37132509971623
588 153.70148698585245 6.256586633330018
589 9.22816754643511 34.43234448412601
590 68.99523606144713 20.376014319108144
591 18.194771814784218 11.599285417052124
592 1.0643239271943652 162.46819698235694
593 36.639392482928244 205.82895531266468
594 22.261791119612564 226.44440471256613
595 440.28574677462683 40.79074055537782
596 340.8047750342457 2.165090980714017
597 2.8075479268237036 0.5324719159643705
598 5.333652758192551 339.2965875096048
599 326.809116090857 88.31940630033226
600 102.82154070374631 184.86323851865652
601 38.547190194705585 91.35072855538094
602 172.81307770753727 123.51179200616659
603 1.549581990923659 39.751756150306875
604 172.67230162420918 123.98354907975862
605 150.68817896453794 145.60430594173184
606 90.81650709440858 78.10078221605328
607 425.2488948622214 72.6444700306625
608 34.73683166050362 215.210674914422
609 24.135140540085832 225.78406558130465
610 63.252719872650495 101.9583289823678
611 29.575564661816784 11.117741928638344
612 122.08780188338919 7.657477722507152
613 365.9302100885391 103.31884466642865
614 55.83486354385096 5.4757521631788295
615 8.551717487633292 14.44012223039536
616 37.09021836568465 34.41319200145032
617 64.15252391971899 42.54031986337972
618 220.40705059022716 1.619950114840122
619 35.900639996671586 52.701697205070765
620 0.0 114.16128564788741
621 252.78450613397416 358.0178823574269
622 62.34499203354026 172.19622884120284
623 28.773394394708433 30.388646346202307
624 123.66371164298928 3.8513890892652327
625 347.38219698606025 88.83426621241676
626 110.0214889966304 146.00163491708187
627 2.1786010574838923 56.57768842077157
628 416.8193888373843 53.940337670369786
629 47.28713384955442 39.328481691673105
630 2.8621647893048845 27.81629849771702
631 90.35640994526015 307.5321828378816
632 195.08632808395086 96.04500490978049
633 216.68423304445196 220.50062010162304
634 344.5733786322548 54.4976453765174
635 254.1503479851385 92.7324115646369
636 64.67170192053219 21.798532048521498
637 351.2793346057802 0.08650662593792646
638 329.65797807931585 74.54153603597928
639 8.173649516531347 116.64413410798453
640 168.25991488282256 90.30522649213742
641 92.86573271816391 48.63027367790568
642 272.6144449717423 20.818192496203512
643 116.4659574033551 338.37122263212206
644 1.0224615340759535 88.85201408028215
645 0.0016390017215155428 263.5988824540396
646 100.89765607511154 313.4150276575831
647 95.02142759115941 22.140051653651277
648 42.71007062316259 221.51113289114127
649 152.45442137980945 92.09381974445678
650 45.750241396782926 44.389378357329974
651 251.37879429255574 7.270982470445736
652 106.74103484640234 61.993219638674496
653 152.50219234506756 26.348039271704884
654 322.9953999223864 83.90579592641633
655 31.25172609823973 190.55220215209033
656 226.9637024172181 58.033641775506844
657 279.30934715404567 129.81024513310066
658 50.790107946074414 88.44792869329486
659 19.021276324065457 226.71000523303033
660 318.06141058613093 9.248118254044424
661 108.25817038121741 53.80343815267008
662 18.792512187449034 33.26946642207989
663 29.130231103041883 16.81325943235687
664 26.943528247931777 44.369509047624135
665 222.8851012806164 197.95316831010547
666 307.23434745737376 383.7689264419302
667 26.637798129777735 13.883578962780927
668 10.60112126732027 118.42627687380553
669 23.701071853098384 13.591959661376881
670 95.83325728603226 12.39708841446945
671 18.055564998644186 175.47324245441007
672 71.26655416808659 2.6823454864820366
673 296.8855411189726 30.16862541678543
674 2.382464288512401 182.18482911412877
675 217.46271959492415 97.12250974508414
676 19.19270867478733 312.203717900645
677 160.3928135901517 400.3305959049654
678 357.2592370232614 81.05731228649279
679 236.21131640191055 267.1093384311642
680 141.69553924185982 130.13377061109986
681 20.91748865406938 15.879296430865544
682 347.02385286000407 131.61345139176865
683 191.65338739792958 97.66873514556406
684 57.557825324482074 27.819128636098796
685 187.4115955322563 7.24126919845046
686 20.062962602683303 36.860632091024385
687 8.628406654670213 241.0037593413167
688 88.78784861810111 200.80985246806992
689 424.4429582932333 197.44470722716605
690 140.31021256037184 47.73751206279805
691 153.13582082966502 328.50310868626985
692 94.1501883445867 147.7448258330864
693 14.719352258314263 10.11665193526754
694 78.3236247222852 1.1034425158814707
695 323.65244751896245 111.91152801955732
696 63.23436482770149 11.14705141155677
697 21.509631958836685 7.04439358744947
698 118.84932938880867 146.40215892222233
699 9.796434110626533 9.510891503682027
700 136.24971978950703 67.25204031383323
701 18.527102721862025 275.0966495668972
702 15.54579019099469 24.708354369558073
703 402.56314771055673 150.1890682191134
704 182.9341354069861 275.6394807954896
705 84.37761294054813 271.5880783952085
706 30.729502955954317 48.813604078254386
707 54.92669624657499 94.83388283102093
708 350.19802552403434 62.60391684727596
709 106.61198376674876 124.89475958299036
710 402.4071937617372 48.6827732972425
711 189.02887988336744 286.770355815924
712 228.5002195701673 155.36326925428568
713 0.0 62.75577565268476
714 120.35109678884129 4.076726956623833
715 11.424044268300106 310.34418923128254
716 210.23154552849186 118.19231902240054
717 275.94687028402495 16.491747062519586
718 3.3866379460929945 1.5559604927856712
719 140.2279793814608 29.513914290384054
720 83.56462147109333 70.24386209156417
721 23.936137148269573 132.5485049518551
722 116.44188692751801 81.61223835234097
723 395.02412413888817 44.91558421471583
724 31.143701658469755 49.07979369404379
725 1.5791249092487702 129.29301311189036
726 342.17821261159213 236.1627279462798
727 124.49765919708263 489.0256377632743
728 349.65687249449655 275.67550366879834
729 97.79868303747045 319.61292254921653
730 80.91898888361183 37.61678128444647
731 58.100835735375 138.3888015674639
732 168.1025166894828 76.46208250523787
733 57.23500571489493 86.92691068997554
734 35.43483208156806 53.28586794136867
735 35.4352681735685 178.25747636692867
736 43.98717968202002 177.27956569861078
737 15.291734772836705 69.39100772744344
738 96.0698010373531 181.58714292400987
739 319.22463657086365 335.9896456317262
740 367.2031696459537 19.573816400343443
741 252.0747140360139 139.4020589624531
742 40.762452499785056 116.69103083099834
743 67.16302108383903 209.25933107255483
744 15.749220129392121 3.449037885462285
745 31.827382100099893 88.46752633467158
746 15.68742929446042 332.43800217786213
747 73.45320548120648 276.47321763744816
748 54.82048469570081 208.16059716083066
749 72.90645705436478 11.26982188757828
750 36.46030168944514 39.925366278807225
751 115.78530954336742 59.32287191539522
752 0.22358998550442322 116.82295807472659
753 115.85859578599522 41.10501595128801
754 145.8709183179385 29.67609562866904
755 5.744074598415708 393.5841263916833
756 55.23099784916968 40.664340496064796
757 50.139599264393844 87.48987711391109
758 398.08591976623273 61.40436694951952
759 47.980251259527854 11.633984499580478
760 135.4091626804115 17.373744479432975
761 12.748582549251715 308.9883976531839
762 3.810387470901508 55.85128057260174
763 325.05188572349505 210.12437624803323
764 45.43381668316719 36.95816571278173
765 48.31386986442406 26.310667849096408
766 181.17862863517854 336.0340617703567
767 77.02426721601752 295.33006052686045
768 60.44039186382577 22.90386248295879
769 48.81480128121228 48.42643014313407
770 151.83693515168184 66.08591106625785
771 10.930939745496007 119.26008302801476
772 7.927158578528725 307.4605673814814
773 407.4776049490651 239.60052473303546
774 183.47072991085733 21.944971866493397
775 334.01509708098735 3.893826919870428
776 32.159823688802454 97.86289650344386
777 155.44391314041349 19.99713343553929
778 31.822186782804028 322.6161743195108
779 13.667676426617602 9.679013665296944
780 7.548860351014633 0.9204004686250075
781 104.30565522403728 188.07810883089897
782 76.28482557746159 138.30968378935668
783 269.8858126290522 92.23646457497547
784 233.65325501095236 71.83703665683375
785 59.943272193892696 118.56629347412245
786 24.316183871558913 22.75223852518488
787 107.01567656774456 371.9587401553136
788 398.7613858973797 31.316511618961016
789 6.199559529783378 184.971096728642
790 70.11974881681272 110.80695938046186
791 90.13094705005851 51.00090156966935
792 24.775452530246152 7.208700224115807
793 5.699649484097924 67.26569845584856
794 24.345098356088503 235.8451602784696
795 111.78277184841876 229.81062592134745
796 201.4272657707731 130.2292170637926
797 2.3450278804536557 266.2377453853308
798 39.42108875077113 68.9210297024108
799 28.48645298512836 238.06440456939896
800 20.118716026886432 121.51692020701124
801 133.71784016213257 112.85396771810447
802 27.698282296375435 17.69405305544097
803 33.66349406511728 341.5145790674733
804 17.923176949401956 30.660304028480134
805 370.1997750794229 29.47092068637552
806 209.70551183315067 55.87725197974805
807 460.4796319153269 23.56695058283364
808 156.07815667335842 28.439228619849064
809 77.5551189815551 243.30290603269555
810 85.0343460651625 309.4848367325836
811 11.44764246963974 103.11818430349814
812 31.94654211722895 120.11957532855776
813 156.04895894468868 208.20564972721937
814 36.30329711429782 99.53468516562576
815 204.0730066776796 93.3926009560932
816 269.1037334130876 22.845433853687425
817 16.2491915830834 69.02246765850671
818 313.6553713679638 54.2628794530624
819 135.4790454936688 43.915683657570014
820 166.6211893870908 388.2005585392813
821 62.04804628052087 34.972483857063544
822 69.76323114468762 17.930306082669013
823 25.39009590781793 68.25145575311696
824 28.744197350436373 362.4656258554127
825 381.6180762349092 103.74388441518873
826 158.84783100831854 44.97641384656997
827 289.1582536002543 132.85781926349588
828 162.4264255225445 6.086290218504619
829 211.62833489397144 104.60917386060854
830 224.9480720657868 258.9404371305602
831 37.77176321155684 22.709687030390082
832 12.607761387317543 77.64804086852516
833 69.73207035774494 45.969974309573814
834 164.9882244918293 0.32128501099872475
835 66.10217248991256 329.4295987616538
836 220.0739405625577 56.15170387823955
837 94.97670084978085 11.69169822413858
838 0.5668379184739889 174.85814171030154
839 180.98559069700093 25.18372487526578
840 441.4155522035236 366.0042693351926
841 158.3846443936543 15.484278472206475
842 252.91561306150757 71.06247461664975
843 295.821828593565 419.3857546175352
844 279.6542504774685 348.5853213348564
845 1.6616414668833266 78.99085660317861
846 55.666899470401304 227.18280660947696
847 217.09285750514505 205.34642741140362
848 81.61265509413863 150.86421357208624
849 315.84660736374457 95.11086284573288
850 227.40765644333476 190.6562343956854
851 277.5139602276102 25.306132483253364
852 179.90438396188412 68.2497456916485
853 10.263890624829973 179.30524555617282
854 16.563351374186222 355.18505606628986
855 385.0254609013687 17.641763903255267
856 195.02698696520585 2.698958267152439
857 403.17302387761845 136.21340318209982
858 85.7866397084562 172.14157572826522
859 14.801291086972313 65.86550412652169
860 5.966035025732548 5.171317578819457
861 127.56623343041599 168.012645993887
862 15.681048894306583 17.24287972846675
863 155.23235122629734 41.9443639993814
864 261.613419965523 360.0997295351868
865 129.82709614278585 20.779301050244424
866 256.0464662397652 37.95518133492409
867 211.62748123556864 255.2767759516527
868 11.759599174057504 77.87827802836513
869 208.5943671976238 42.116618597012994
870 56.47269759391433 87.00904068118389
871 19.51398281716667 67.33751434192057
872 38.45236627669492 7.314628325535208
873 91.41703323992706 33.42406594430455
874 149.12587713976868 169.14067924487094
875 6.775943954707782 227.8858631057661
876 50.90647052204222 0.9414633110592971
877 35.75587524450485 21.15379312619138
878 52.16601892310131 87.63271085784065
879 149.95291229271248 142.2230333697122
880 23.409854713824938 58.230046212925444
881 338.082136035222 114.83786969145466
882 117.94709093219161 197.11524293899117
883 88.79602062564102 262.4743245189198
884 206.43923059912484 278.9552576994281
885 334.0283540546956 66.51485860323253
886 154.3116865299892 21.478739350423712
887 352.37482617190386 250.11685856835987
888 244.60610175779217 118.0815425579619
889 6.281503670691674 10.378608942228203
890 11.62417216515612 83.43520185811907
891 76.26928175134456 10.407672608131788
892 189.99202519269065 7.689756664732466
893 2.3904742681858515 142.07878309616842
894 21.112936651398364 8.291471239577287
895 40.14662956300065 42.123062034610406
896 280.1902160415884 90.54433284171434
897 9.065151694930405 64.66821533898576
898 294.2325534148171 15.747237070022837
899 62.818898281633444 183.64927221300866
900 28.007328263520993 274.2955394082561
901 49.46084007559311 260.9868061711337
902 341.2823972468938 2.6206343193514177
903 23.19254790884574 122.41259689882085
904 8.785150787540335 48.94144984879079
905 202.63183147201536 138.1848992230696
906 0.07714342029051802 104.67202691909922
907 286.76570199350186 118.36088534662466
908 161.89175573006148 66.82281393977053
909 49.09009230959221 168.6004711024812
910 320.82926786707685 184.88298153858787
911 5.455610841897878 166.53343616822312
912 135.07451706320205 220.9342631171999
913 7.70722144777919 58.98069542347843
914 299.0111731623 89.79354320770906
915 57.16736411796618 335.292003156408
916 42.264613630432585 1.8178076347639545
917 25.012916746450536 309.1181173915498
918 216.00726410400097 47.72966728224513
919 436.457923862868 8.036261868164548
920 26.68185147782363 24.236192824863572
921 0.0 7.533060690934596
922 467.9509680804777 59.19399025311145
923 244.46566641983 287.14239295742146
924 65.97175388923779 33.92767736842297
925 24.20402660910581 18.276515721253414
926 187.93136919566993 51.75518997189954
927 361.39942586132673 72.69963257701329
928 92.97525162313278 221.7620792087506
929 110.83455083369196 16.36764172620853
930 461.2908914024191 19.338985129597567
931 68.58201528905632 15.80531261505369
932 38.158302876464816 308.02910682841355
933 53.659455387574965 186.67075460729066
934 0.5448550204127851 80.37643313932986
935 35.87674893136025 4.051091677186072
936 98.41673258105833 253.82053174556881
937 3.723932508467805 4.136685053939869
938 33.4881188464466 77.92047246732979
939 147.17189695364223 92.1931121328087
940 165.72455936902287 222.36161334524144
941 13.915048737693846 240.82478542218547
942 7.759175851580969 39.21701531898933
943 2.1950195597455036 38.89713923925173
944 182.64756885548434 15.819268230757142
945 213.95825209130868 452.33055693426337
946 155.60756622905183 8.372839814451202
947 24.510089900957183 94.59626843399705
948 429.11640246517476 40.69744272228541
949 18.669027435883788 26.932369526765765
950 132.97017919917005 226.79063466607124
951 103.96475075587188 0.984017464532237
952 9.20409138347067 14.84275773433314
953 44.03577567222244 45.875851513958175
954 15.167664040118941 330.2841736314006
955 0.46924569843627273 251.28310907634378
956 75.86340891160617 52.96871172672832
957 432.3246535655108 342.49035270297793
958 259.953370266051 8.894568320465137
959 107.72244409592075 285.41670067273253
960 82.46482766147585 6.149904857853492
961 187.08905703649785 115.96107478879279
962 14.652415330147699 20.268258530197805
963 370.1350344449549 13.234506656785967
964 4.719448341762981 118.77760197557134
965 297.02826302516877 151.97308196136
966 70.30264939859686 53.69367111584226
967 10.585277421314515 64.3822802136975
968 50.655842475927805 159.91185630065615
969 62.048508804157436 81.1392778923013
970 211.76587540669632 99.83360092104911
971 13.620880818008114 287.5438480701968
972 65.32014354664561 101.07980387656299
973 317.43494592093447 39.031682461762216
974 41.170437992997556 221.82119739413193
975 9.792057429627636 192.69087001257614
976 312.47477824127924 5.301069949026564
977 236.34772969092788 108.8491941811775
978 361.08755835009583 120.09006785753334
979 47.43987847644785 0.7517559716590907
980 35.93494772899682 45.597498294103715
981 0.08478561996145895 244.3357193591152
982 11.47615217456664 231.59325760813422
983 464.874055091239 50.94540848307953
984 55.351280466572874 100.19911804385976
985 45.170527790533086 135.03899117035124
986 15.665205387679816 272.147267090186
987 85.38159069312594 360.1105024977993
988 40.52345564987807 235.54814283793547
989 57.08811612077954 46.413499013633
990 213.9209072641996 301.46653179260505
991 157.4768770152309 154.48448179895368
992 362.9319959722834 325.49557937325505
993 86.19671261898081 16.165050494386314
994 0.44632095798893245 43.16218223008657
995 3.649435771292948 11.267857220553736
996 57.33533251415102 107.6459015973214
997 392.7709301902172 229.11694736849518
998 47.84179251821373 152.75027219370284
999 291.95951604945645 112.78732052383327
1000 52.20532777001639 88.22534229139424
